9.999900000000000000e+04,4.249258758889602063e+02,1.630490723677997380e+02,6.967725597352409750e+02,8.730503994615660304e+02,5.358693870711406362e+02,1.099225636527824008e+03,6.318868569609594488e+02,3.624030904945486213e+02,5.162567190846042422e+02,7.785634206665504280e+02,5.630426271606795581e+02,6.488451279003334093e+02,9.145600034989503229e+02,4.430011286667337345e+02,6.757492138360206582e+02,9.884841930956711167e+02,6.008427414889856664e+02,3.267108813614875658e+02,2.192715211786519376e+02,8.373822305255825995e+02,1.259360552026305186e+03,7.133813846744250213e+02,5.558677900364438074e+02,1.322021558069307730e+03,7.217658900225196703e+02,6.490146377393964485e+02,1.153889076124737358e+03,3.121698255757593188e+02,8.544150045498967074e+02,1.234121955075753476e+03,6.268173577685927285e+02
4.249258758889602063e+02,9.999900000000000000e+04,5.432062223502231291e+02,1.045585960119970196e+03,1.165300390457327467e+03,1.118302284715541504e+02,1.247112264393226042e+03,5.459496313763752369e+02,5.151019316601326636e+02,5.467732619651403638e+02,4.154046220253212596e+02,7.491548571557151490e+02,1.033871365306148618e+03,1.310393070799750603e+03,8.623409998370714220e+02,1.100420374220688473e+03,1.402471033568964685e+03,7.688289796827380087e+02,6.045113729285826594e+02,5.250009523800885063e+02,1.123475411390921408e+03,1.596150682109931722e+03,1.086166193544984253e+03,1.596778005860551559e+02,1.745481308980419954e+03,1.145024017215359436e+03,2.291069619195366158e+02,1.566098975160893133e+03,3.881288445864336722e+02,9.260653324685035841e+02,1.376011991226820555e+03,6.920997037999654822e+02
1.630490723677997380e+02,5.432062223502231291e+02,9.999900000000000000e+04,5.352130416946133664e+02,7.108783299552744666e+02,6.546395955027468290e+02,9.600749970705413716e+02,5.990826320300063799e+02,5.094595175281348816e+02,6.720476173605558188e+02,9.248189011909304327e+02,4.329618920875138883e+02,6.485406695034629365e+02,8.902926485150824192e+02,3.292187722472702376e+02,5.796619704620961784e+02,8.601174338426119448e+02,7.254384880884113045e+02,1.878430195668713054e+02,3.416211351775530716e+02,6.758712895219030088e+02,1.097908010718566629e+03,7.224195456934979802e+02,6.890486194747072659e+02,1.212536185027069678e+03,6.476025015393315698e+02,7.722596713541372537e+02,1.023138798013250948e+03,4.733550464503362605e+02,7.448087002714187292e+02,1.094312569607056957e+03,5.357284760025362402e+02
6.967725597352409750e+02,1.045585960119970196e+03,5.352130416946133664e+02,9.999900000000000000e+04,2.415056935146664330e+02,1.151683984433229853e+03,6.731337162852563551e+02,8.360747574230429109e+02,1.008771530129592861e+03,1.181601032497856295e+03,1.448351131459495264e+03,4.343880753427745844e+02,8.282632431781577225e+02,9.364187097660960717e+02,3.893096453981072500e+02,4.843810483493341508e+02,4.993245437588662980e+02,1.168335568233716003e+03,4.441441207536130378e+02,8.262905058149948445e+02,2.318124241709231512e+02,5.627050737286807589e+02,9.051944542472627973e+02,1.201606008640103255e+03,8.880005630628845665e+02,6.024699162613848102e+02,1.270165343567521631e+03,6.240640992718616644e+02,9.989364344141222318e+02,6.751866408631024115e+02,7.827828562251474978e+02,6.283565866607908674e+02
8.730503994615660304e+02,1.165300390457327467e+03,7.108783299552744666e+02,2.415056935146664330e+02,9.999900000000000000e+04,1.263139343065522553e+03,4.624326978058537065e+02,8.408186486989926607e+02,1.210588699765531373e+03,1.379230220086552436e+03,1.579121907896917264e+03,4.454974747403176707e+02,1.069768666581705475e+03,1.169805539395330470e+03,6.264479228156160389e+02,7.184010022264724284e+02,6.520506115325711107e+02,1.389867979341923046e+03,5.704638463566293467e+02,1.031193968174756037e+03,4.384062043356594529e+01,4.520199110658733161e+02,1.146648158765364315e+03,1.324866785756213403e+03,1.020686043796034255e+03,8.359575348066431388e+02,1.378442962185958550e+03,7.350516988620596521e+02,1.184225063068671943e+03,5.656429969512572598e+02,5.572826930741704246e+02,6.090623941764915799e+02
5.358693870711406362e+02,1.118302284715541504e+02,6.546395955027468290e+02,1.151683984433229853e+03,1.263139343065522553e+03,9.999900000000000000e+04,1.318857460076713551e+03,5.900991442122247008e+02,5.903253340320064808e+02,5.929797635670208820e+02,3.316579563345345036e+02,8.378693215531882288e+02,1.134183406685179762e+03,1.411951840538479473e+03,9.741385938355999770e+02,1.211586150465578839e+03,1.514178655245146501e+03,8.316970602328710811e+02,7.087171509142416426e+02,6.227069936976780582e+02,1.220755913358604175e+03,1.698524359554492776e+03,1.183572980428330084e+03,8.888756943465155302e+01,1.857059234381068336e+03,1.254573234211538647e+03,1.187939392393399771e+02,1.677686502300116899e+03,4.641228285701964751e+02,9.885752373997640916e+02,1.444908647631399617e+03,7.618766304330380308e+02
1.099225636527824008e+03,1.247112264393226042e+03,9.600749970705413716e+02,6.731337162852563551e+02,4.624326978058537065e+02,1.318857460076713551e+03,9.999900000000000000e+04,7.574932342932179381e+02,1.461526941250143409e+03,1.610689293439302674e+03,1.650498712510858013e+03,5.373862670370355090e+02,1.469344411633977643e+03,1.606580530194487437e+03,1.009820281040146256e+03,1.155830437391229225e+03,1.112964509766596393e+03,1.685274161672218952e+03,7.751264412984503451e+02,1.301439587533743406e+03,4.508236905931186698e+02,7.562552479156755680e+02,1.548886696953653882e+03,1.398663647915394904e+03,1.472370877190933925e+03,1.273711505797132986e+03,1.417756326030675837e+03,1.183498626953153689e+03,1.398871330752045878e+03,3.454446410063412713e+02,1.349370223474639943e+02,5.569892279030178770e+02
6.318868569609594488e+02,5.459496313763752369e+02,5.990826320300063799e+02,8.360747574230429109e+02,8.408186486989926607e+02,5.900991442122247008e+02,7.574932342932179381e+02,9.999900000000000000e+04,9.379109765857311913e+02,1.035862925294655042e+03,9.153414663392017019e+02,4.069643719049617516e+02,1.247178014559268831e+03,1.486350227907272256e+03,8.800346584084061305e+02,1.127597445899909872e+03,1.312445808405055686e+03,1.200951705939918384e+03,4.792796678349708372e+02,8.439768954183521146e+02,7.974873039741761431e+02,1.291753072378773140e+03,1.319928028340939591e+03,6.768456249396903104e+02,1.698255575583368909e+03,1.217545481696679872e+03,6.747095671472281992e+02,1.453901303390295425e+03,8.318347191600023507e+02,4.137825515896000184e+02,8.744483975627149448e+02,2.341388476951229904e+02
3.624030904945486213e+02,5.151019316601326636e+02,5.094595175281348816e+02,1.008771530129592861e+03,1.210588699765531373e+03,5.903253340320064808e+02,1.461526941250143409e+03,9.379109765857311913e+02,9.999900000000000000e+04,1.748971126119582209e+02,6.713843906436908355e+02,9.254085584216303459e+02,6.048470881140125357e+02,8.795021318905372709e+02,6.680913111244600486e+02,8.266468411601172193e+02,1.184405758175803612e+03,2.650962089506373900e+02,6.875841766649375586e+02,1.828879438344692971e+02,1.178407824142389245e+03,1.560405396042964185e+03,6.346755076415033727e+02,5.531084884541187421e+02,1.453831145628679906e+03,8.205181289892381074e+02,6.629781293526958734e+02,1.348250718523821206e+03,1.271298548728818503e+02,1.210397042296452355e+03,1.596397506888556791e+03,9.767476644456335180e+02
5.162567190846042422e+02,5.467732619651403638e+02,6.720476173605558188e+02,1.181601032497856295e+03,1.379230220086552436e+03,5.929797635670208820e+02,1.610689293439302674e+03,1.035862925294655042e+03,1.748971126119582209e+02,9.999900000000000000e+04,5.824448471743912705e+02,1.073312629199898993e+03,7.378868476941433983e+02,1.002084327788834344e+03,8.427105078257894775e+02,9.937283330971297346e+02,1.354002215655498958e+03,2.581569290179909331e+02,8.426179442665578563e+02,3.572800022391401740e+02,1.345945764137619335e+03,1.734822757517320497e+03,7.541153757880819057e+02,5.329502791067849330e+02,1.611063003113162040e+03,9.794432091754988505e+02,6.365665715382798453e+02,1.516837829169618317e+03,2.135064401838970412e+02,1.342756865556828870e+03,1.745581851418030737e+03,1.104636139187922709e+03
7.785634206665504280e+02,4.154046220253212596e+02,9.248189011909304327e+02,1.448351131459495264e+03,1.579121907896917264e+03,3.316579563345345036e+02,1.650498712510858013e+03,9.153414663392017019e+02,6.713843906436908355e+02,5.824448471743912705e+02,9.999900000000000000e+04,1.163928691973868354e+03,1.273739769340660814e+03,1.550244174315775354e+03,1.218212214681826254e+03,1.433815190322658054e+03,1.764433053419709722e+03,8.396100285251480955e+02,1.013611858652018782e+03,7.818036837979212805e+02,1.537646253206503843e+03,2.004843136008400961e+03,1.306055129004897708e+03,2.562225595063791275e+02,2.080625386752742543e+03,1.455059105328714850e+03,2.430905181203084169e+02,1.930370171754630064e+03,5.730174517412187924e+02,1.318994313861890760e+03,1.776279820298592540e+03,1.093526862953078080e+03
5.630426271606795581e+02,7.491548571557151490e+02,4.329618920875138883e+02,4.343880753427745844e+02,4.454974747403176707e+02,8.378693215531882288e+02,5.373862670370355090e+02,4.069643719049617516e+02,9.254085584216303459e+02,1.073312629199898993e+03,1.163928691973868354e+03,9.999900000000000000e+04,1.019818121039237099e+03,1.213766451999724723e+03,5.807727610692498956e+02,7.995048467645458459e+02,9.249140500608691582e+02,1.156168240352588100e+03,2.451224183953805493e+02,7.704758270056238416e+02,4.016590594023742256e+02,8.969336653287131185e+02,1.099025932360105799e+03,9.077114078824832859e+02,1.314121759959860128e+03,9.057046980114434973e+02,9.490885100979782010e+02,1.057663935283793307e+03,8.617105082334785493e+02,3.245489177304401096e+02,6.722975531712130532e+02,1.951332877804297254e+02
6.488451279003334093e+02,1.033871365306148618e+03,6.485406695034629365e+02,8.282632431781577225e+02,1.069768666581705475e+03,1.134183406685179762e+03,1.469344411633977643e+03,1.247178014559268831e+03,6.048470881140125357e+02,7.378868476941433983e+02,1.273739769340660814e+03,1.019818121039237099e+03,9.999900000000000000e+04,2.789767015361676954e+02,4.596194077712559078e+02,3.946454104636211468e+02,7.304306948643381929e+02,5.531762829333882792e+02,8.016108781697014365e+02,5.119765619635336407e+02,1.057058654947775267e+03,1.260600253847348768e+03,7.993122043357026030e+01,1.121980837626026414e+03,8.990355944010225357e+02,3.125539953352060252e+02,1.229837387624884286e+03,8.716903119801205548e+02,7.033135858207205047e+02,1.344085190752431345e+03,1.592011620560603887e+03,1.166644761699121545e+03
9.145600034989503229e+02,1.310393070799750603e+03,8.902926485150824192e+02,9.364187097660960717e+02,1.169805539395330470e+03,1.411951840538479473e+03,1.606580530194487437e+03,1.486350227907272256e+03,8.795021318905372709e+02,1.002084327788834344e+03,1.550244174315775354e+03,1.213766451999724723e+03,2.789767015361676954e+02,9.999900000000000000e+04,6.330007898889226681e+02,4.521338297451320045e+02,6.746591732126673833e+02,7.914947883593422375e+02,1.020133324619875339e+03,7.904960467959343760e+02,1.167099395938495036e+03,1.261610478713616203e+03,2.479697562203907069e+02,1.400882935865806076e+03,7.182819780559721039e+02,3.341167460634081863e+02,1.508591395971752263e+03,7.766595135579040061e+02,9.814896841026909442e+02,1.531654334371825598e+03,1.719154734164438196e+03,1.379275171965333357e+03
4.430011286667337345e+02,8.623409998370714220e+02,3.292187722472702376e+02,3.893096453981072500e+02,6.264479228156160389e+02,9.741385938355999770e+02,1.009820281040146256e+03,8.800346584084061305e+02,6.680913111244600486e+02,8.427105078257894775e+02,1.218212214681826254e+03,5.807727610692498956e+02,4.596194077712559078e+02,6.330007898889226681e+02,9.999900000000000000e+04,2.532923212416831120e+02,5.462792326274174002e+02,7.913545349588893032e+02,4.013601873629222041e+02,4.888046644621960013e+02,6.081685621601958474e+02,9.039076280240144570e+02,5.393078897995095531e+02,9.986836335897369281e+02,8.847604195487047036e+02,3.377217789838256863e+02,1.089573310980036922e+03,7.121586901807770573e+02,6.911584478250989605e+02,9.000694417654673316e+02,1.133321225425519060e+03,7.496999399759879452e+02
6.757492138360206582e+02,1.100420374220688473e+03,5.796619704620961784e+02,4.843810483493341508e+02,7.184010022264724284e+02,1.211586150465578839e+03,1.155830437391229225e+03,1.127597445899909872e+03,8.266468411601172193e+02,9.937283330971297346e+02,1.433815190322658054e+03,7.995048467645458459e+02,3.946454104636211468e+02,4.521338297451320045e+02,2.532923212416831120e+02,9.999900000000000000e+04,3.636069306270165384e+02,8.801550999681817302e+02,6.484820737691983368e+02,6.653878568173603298e+02,7.149839159030083238e+02,8.661420206871388245e+02,4.600891218014179458e+02,1.228451057226131525e+03,6.480894999920921009e+02,1.180889495253472035e+02,1.324403639378871503e+03,5.236420533150484289e+02,8.790841825445387485e+02,1.104523426641553897e+03,1.267163762108118362e+03,9.812120056338487757e+02
9.884841930956711167e+02,1.402471033568964685e+03,8.601174338426119448e+02,4.993245437588662980e+02,6.520506115325711107e+02,1.514178655245146501e+03,1.112964509766596393e+03,1.312445808405055686e+03,1.184405758175803612e+03,1.354002215655498958e+03,1.764433053419709722e+03,9.249140500608691582e+02,7.304306948643381929e+02,6.746591732126673833e+02,5.462792326274174002e+02,3.636069306270165384e+02,9.999900000000000000e+04,1.242715172515407858e+03,8.616571243830111371e+02,1.016093007553934513e+03,6.711214495156596058e+02,5.965936640629030308e+02,7.809660684050236341e+02,1.543116975475287745e+03,3.894637338700485429e+02,4.179677021014901470e+02,1.631100548709367558e+03,1.661715980545411924e+02,1.226879374673810389e+03,1.172120300993033652e+03,1.196254989540273527e+03,1.120027231811798401e+03
6.008427414889856664e+02,7.688289796827380087e+02,7.254384880884113045e+02,1.168335568233716003e+03,1.389867979341923046e+03,8.316970602328710811e+02,1.685274161672218952e+03,1.200951705939918384e+03,2.650962089506373900e+02,2.581569290179909331e+02,8.396100285251480955e+02,1.156168240352588100e+03,5.531762829333882792e+02,7.914947883593422375e+02,7.913545349588893032e+02,8.801550999681817302e+02,1.242715172515407858e+03,9.999900000000000000e+04,9.121403400793103629e+02,3.858341612662103444e+02,1.362521559462454888e+03,1.693967236991318032e+03,5.484459864015781250e+02,7.805030429152726583e+02,1.451261864723248436e+03,8.379415254061586893e+02,8.872113615142673098e+02,1.397700969449474087e+03,3.852401848198082348e+02,1.455155318170538067e+03,1.819260564075415687e+03,1.226650724534086748e+03
3.267108813614875658e+02,6.045113729285826594e+02,1.878430195668713054e+02,4.441441207536130378e+02,5.704638463566293467e+02,7.087171509142416426e+02,7.751264412984503451e+02,4.792796678349708372e+02,6.875841766649375586e+02,8.426179442665578563e+02,1.013611858652018782e+03,2.451224183953805493e+02,8.016108781697014365e+02,1.020133324619875339e+03,4.013601873629222041e+02,6.484820737691983368e+02,8.616571243830111371e+02,9.121403400793103629e+02,9.999900000000000000e+04,5.269724850502159370e+02,5.309472666847433402e+02,9.919299370419263369e+02,8.790318538028072908e+02,7.624808194308890279e+02,1.238328308648397069e+03,7.390818628541766202e+02,8.268736300064236957e+02,1.014975861781944104e+03,6.351771406466073131e+02,5.602901034285720243e+02,9.097763461422812270e+02,3.650753346913483028e+02
2.192715211786519376e+02,5.250009523800885063e+02,3.416211351775530716e+02,8.262905058149948445e+02,1.031193968174756037e+03,6.227069936976780582e+02,1.301439587533743406e+03,8.439768954183521146e+02,1.828879438344692971e+02,3.572800022391401740e+02,7.818036837979212805e+02,7.704758270056238416e+02,5.119765619635336407e+02,7.904960467959343760e+02,4.888046644621960013e+02,6.653878568173603298e+02,1.016093007553934513e+03,3.858341612662103444e+02,5.269724850502159370e+02,9.999900000000000000e+04,1.000060498169985749e+03,1.377599724157928222e+03,5.613563930338729051e+02,6.109705393879479516e+02,1.305301880792332213e+03,6.749651842873082614e+02,7.181782508542012238e+02,1.181343303193445081e+03,2.142195135836135762e+02,1.070805771370326511e+03,1.435802563028775239e+03,8.456122042638694438e+02
8.373822305255825995e+02,1.123475411390921408e+03,6.758712895219030088e+02,2.318124241709231512e+02,4.384062043356594529e+01,1.220755913358604175e+03,4.508236905931186698e+02,7.974873039741761431e+02,1.178407824142389245e+03,1.345945764137619335e+03,1.537646253206503843e+03,4.016590594023742256e+02,1.057058654947775267e+03,1.167099395938495036e+03,6.081685621601958474e+02,7.149839159030083238e+02,6.711214495156596058e+02,1.362521559462454888e+03,5.309472666847433402e+02,1.000060498169985749e+03,9.999900000000000000e+04,4.957822102496215848e+02,1.134717586009840488e+03,1.283097034522331114e+03,1.045145922826090327e+03,8.329855941131274903e+02,1.335819224296461471e+03,7.616462433439818369e+02,1.149097471931776454e+03,5.300509409481319381e+02,5.535431329173906079e+02,5.661174789741083941e+02
1.259360552026305186e+03,1.596150682109931722e+03,1.097908010718566629e+03,5.627050737286807589e+02,4.520199110658733161e+02,1.698524359554492776e+03,7.562552479156755680e+02,1.291753072378773140e+03,1.560405396042964185e+03,1.734822757517320497e+03,2.004843136008400961e+03,8.969336653287131185e+02,1.260600253847348768e+03,1.261610478713616203e+03,9.039076280240144570e+02,8.661420206871388245e+02,5.965936640629030308e+02,1.693967236991318032e+03,9.919299370419263369e+02,1.377599724157928222e+03,4.957822102496215848e+02,9.999900000000000000e+04,1.325482553638485342e+03,1.754405312349458200e+03,8.351347196710240723e+02,9.627486691759173709e+02,1.815696285175469484e+03,5.667142136915219908e+02,1.558988454094513145e+03,9.815467385713224076e+02,7.801858752887031869e+02,1.058805458996127300e+03
7.133813846744250213e+02,1.086166193544984253e+03,7.224195456934979802e+02,9.051944542472627973e+02,1.146648158765364315e+03,1.183572980428330084e+03,1.548886696953653882e+03,1.319928028340939591e+03,6.346755076415033727e+02,7.541153757880819057e+02,1.306055129004897708e+03,1.099025932360105799e+03,7.993122043357026030e+01,2.479697562203907069e+02,5.393078897995095531e+02,4.600891218014179458e+02,7.809660684050236341e+02,5.484459864015781250e+02,8.790318538028072908e+02,5.613563930338729051e+02,1.134717586009840488e+03,1.325482553638485342e+03,9.999900000000000000e+04,1.166445026565761509e+03,9.187262922111242460e+02,3.670871831050492915e+02,1.275330937443297444e+03,9.148994480269402629e+02,7.412536677818194448e+02,1.423396641839512085e+03,1.671218118618871358e+03,1.244103291531695959e+03
5.558677900364438074e+02,1.596778005860551559e+02,6.890486194747072659e+02,1.201606008640103255e+03,1.324866785756213403e+03,8.888756943465155302e+01,1.398663647915394904e+03,6.768456249396903104e+02,5.531084884541187421e+02,5.329502791067849330e+02,2.562225595063791275e+02,9.077114078824832859e+02,1.121980837626026414e+03,1.400882935865806076e+03,9.986836335897369281e+02,1.228451057226131525e+03,1.543116975475287745e+03,7.805030429152726583e+02,7.624808194308890279e+02,6.109705393879479516e+02,1.283097034522331114e+03,1.754405312349458200e+03,1.166445026565761509e+03,9.999900000000000000e+04,1.876204679665840786e+03,1.263530371617556284e+03,1.100045453606349781e+02,1.707946427731268159e+03,4.310185610852507239e+02,1.071570809606159401e+03,1.525952817094945431e+03,8.419554620049685809e+02
1.322021558069307730e+03,1.745481308980419954e+03,1.212536185027069678e+03,8.880005630628845665e+02,1.020686043796034255e+03,1.857059234381068336e+03,1.472370877190933925e+03,1.698255575583368909e+03,1.453831145628679906e+03,1.611063003113162040e+03,2.080625386752742543e+03,1.314121759959860128e+03,8.990355944010225357e+02,7.182819780559721039e+02,8.847604195487047036e+02,6.480894999920921009e+02,3.894637338700485429e+02,1.451261864723248436e+03,1.238328308648397069e+03,1.305301880792332213e+03,1.045145922826090327e+03,8.351347196710240723e+02,9.187262922111242460e+02,1.876204679665840786e+03,9.999900000000000000e+04,6.333442981506977958e+02,1.971031455862640541e+03,2.894563870430224028e+02,1.519439699362893407e+03,1.557888314353760052e+03,1.541745763736680374e+03,1.509185541939757741e+03
7.217658900225196703e+02,1.145024017215359436e+03,6.476025015393315698e+02,6.024699162613848102e+02,8.359575348066431388e+02,1.254573234211538647e+03,1.273711505797132986e+03,1.217545481696679872e+03,8.205181289892381074e+02,9.794432091754988505e+02,1.455059105328714850e+03,9.057046980114434973e+02,3.125539953352060252e+02,3.341167460634081863e+02,3.377217789838256863e+02,1.180889495253472035e+02,4.179677021014901470e+02,8.379415254061586893e+02,7.390818628541766202e+02,6.749651842873082614e+02,8.329855941131274903e+02,9.627486691759173709e+02,3.670871831050492915e+02,1.263530371617556284e+03,6.333442981506977958e+02,9.999900000000000000e+04,1.363777841145690445e+03,5.631074497820109173e+02,8.884435829021446125e+02,1.215533216329360584e+03,1.385252684530876422e+03,1.082841632003498489e+03
6.490146377393964485e+02,2.291069619195366158e+02,7.722596713541372537e+02,1.270165343567521631e+03,1.378442962185958550e+03,1.187939392393399771e+02,1.417756326030675837e+03,6.747095671472281992e+02,6.629781293526958734e+02,6.365665715382798453e+02,2.430905181203084169e+02,9.490885100979782010e+02,1.229837387624884286e+03,1.508591395971752263e+03,1.089573310980036922e+03,1.324403639378871503e+03,1.631100548709367558e+03,8.872113615142673098e+02,8.268736300064236957e+02,7.181782508542012238e+02,1.335819224296461471e+03,1.815696285175469484e+03,1.275330937443297444e+03,1.100045453606349781e+02,1.971031455862640541e+03,1.363777841145690445e+03,9.999900000000000000e+04,1.794955152643095971e+03,5.410083178658161387e+02,1.082120603260098733e+03,1.541389308383835896e+03,8.620208814176139640e+02
1.153889076124737358e+03,1.566098975160893133e+03,1.023138798013250948e+03,6.240640992718616644e+02,7.350516988620596521e+02,1.677686502300116899e+03,1.183498626953153689e+03,1.453901303390295425e+03,1.348250718523821206e+03,1.516837829169618317e+03,1.930370171754630064e+03,1.057663935283793307e+03,8.716903119801205548e+02,7.766595135579040061e+02,7.121586901807770573e+02,5.236420533150484289e+02,1.661715980545411924e+02,1.397700969449474087e+03,1.014975861781944104e+03,1.181343303193445081e+03,7.616462433439818369e+02,5.667142136915219908e+02,9.148994480269402629e+02,1.707946427731268159e+03,2.894563870430224028e+02,5.631074497820109173e+02,1.794955152643095971e+03,9.999900000000000000e+04,1.392589673952812291e+03,1.282047191019113825e+03,1.252359772589330760e+03,1.252198067399882120e+03
3.121698255757593188e+02,3.881288445864336722e+02,4.733550464503362605e+02,9.989364344141222318e+02,1.184225063068671943e+03,4.641228285701964751e+02,1.398871330752045878e+03,8.318347191600023507e+02,1.271298548728818503e+02,2.135064401838970412e+02,5.730174517412187924e+02,8.617105082334785493e+02,7.033135858207205047e+02,9.814896841026909442e+02,6.911584478250989605e+02,8.790841825445387485e+02,1.226879374673810389e+03,3.852401848198082348e+02,6.351771406466073131e+02,2.142195135836135762e+02,1.149097471931776454e+03,1.558988454094513145e+03,7.412536677818194448e+02,4.310185610852507239e+02,1.519439699362893407e+03,8.884435829021446125e+02,5.410083178658161387e+02,1.392589673952812291e+03,9.999900000000000000e+04,1.129373720253840474e+03,1.533686082612736072e+03,8.915660379354969791e+02
8.544150045498967074e+02,9.260653324685035841e+02,7.448087002714187292e+02,6.751866408631024115e+02,5.656429969512572598e+02,9.885752373997640916e+02,3.454446410063412713e+02,4.137825515896000184e+02,1.210397042296452355e+03,1.342756865556828870e+03,1.318994313861890760e+03,3.245489177304401096e+02,1.344085190752431345e+03,1.531654334371825598e+03,9.000694417654673316e+02,1.104523426641553897e+03,1.172120300993033652e+03,1.455155318170538067e+03,5.602901034285720243e+02,1.070805771370326511e+03,5.300509409481319381e+02,9.815467385713224076e+02,1.423396641839512085e+03,1.071570809606159401e+03,1.557888314353760052e+03,1.215533216329360584e+03,1.082120603260098733e+03,1.282047191019113825e+03,1.129373720253840474e+03,9.999900000000000000e+04,4.608383664583494692e+02,2.402602755346792662e+02
1.234121955075753476e+03,1.376011991226820555e+03,1.094312569607056957e+03,7.827828562251474978e+02,5.572826930741704246e+02,1.444908647631399617e+03,1.349370223474639943e+02,8.744483975627149448e+02,1.596397506888556791e+03,1.745581851418030737e+03,1.776279820298592540e+03,6.722975531712130532e+02,1.592011620560603887e+03,1.719154734164438196e+03,1.133321225425519060e+03,1.267163762108118362e+03,1.196254989540273527e+03,1.819260564075415687e+03,9.097763461422812270e+02,1.435802563028775239e+03,5.535431329173906079e+02,7.801858752887031869e+02,1.671218118618871358e+03,1.525952817094945431e+03,1.541745763736680374e+03,1.385252684530876422e+03,1.541389308383835896e+03,1.252359772589330760e+03,1.533686082612736072e+03,4.608383664583494692e+02,9.999900000000000000e+04,6.841907628724609367e+02
6.268173577685927285e+02,6.920997037999654822e+02,5.357284760025362402e+02,6.283565866607908674e+02,6.090623941764915799e+02,7.618766304330380308e+02,5.569892279030178770e+02,2.341388476951229904e+02,9.767476644456335180e+02,1.104636139187922709e+03,1.093526862953078080e+03,1.951332877804297254e+02,1.166644761699121545e+03,1.379275171965333357e+03,7.496999399759879452e+02,9.812120056338487757e+02,1.120027231811798401e+03,1.226650724534086748e+03,3.650753346913483028e+02,8.456122042638694438e+02,5.661174789741083941e+02,1.058805458996127300e+03,1.244103291531695959e+03,8.419554620049685809e+02,1.509185541939757741e+03,1.082841632003498489e+03,8.620208814176139640e+02,1.252198067399882120e+03,8.915660379354969791e+02,2.402602755346792662e+02,6.841907628724609367e+02,9.999900000000000000e+04
