9.999900000000000000e+04,4.318541420433523967e+02,5.953990258641678679e+01,1.279453008124956455e+02,1.755249270046849972e+02,3.494967811010567971e+02,3.753531670307311856e+02,4.977730406520626616e+02,3.318026521895206429e+02,2.218220007122828292e+02,6.191122676865642660e+01,8.848163651289458187e+01,1.260198397078809194e+02,3.105382424114620790e+02,3.296209944769901767e+02,3.686760095259793388e+02,1.640121946685672469e+02,4.981977519017925147e+02,5.215361924162119323e+01,2.543324595878394803e+02,1.203037821516846577e+02,3.411187476524853537e+02,2.513404066201851208e+02,1.933726971420732923e+02,2.560956852428404318e+02,4.266427076606372566e+02,6.705221845696084415e+01,4.712589521696112911e+02,2.893648216352499389e+02,1.276322843170958805e+02,4.659291791678215873e+02,2.000249984376952739e+02
4.318541420433523967e+02,9.999900000000000000e+04,4.411451008455154579e+02,4.765962651972841400e+02,5.252704065526630757e+02,8.237718130647589021e+01,5.800000000000000000e+01,8.747571091451615644e+01,1.300038460969520600e+02,5.552666026333656646e+02,4.395918561575043668e+02,4.405734898969751043e+02,3.608392994118018464e+02,1.542076522096098756e+02,1.300615239031128567e+02,7.802563681252463823e+01,4.529657823721345835e+02,4.752188969306670856e+02,4.600369550373100083e+02,1.785077029150282897e+02,3.619958563298756644e+02,1.066770828247566953e+02,4.154154546956576723e+02,3.031847621500790524e+02,4.979809233293982516e+02,1.357718674836580419e+02,4.173367944478416121e+02,9.500000000000000000e+01,2.112865353021815338e+02,3.222731760478988576e+02,9.915644204992432265e+01,3.570658202628753202e+02
5.953990258641678679e+01,4.411451008455154579e+02,9.999900000000000000e+04,6.937578828380979701e+01,1.201499063670047178e+02,3.599736101438548417e+02,3.833444925911940118e+02,4.992364169409118517e+02,3.544573317058063253e+02,1.658734457349939930e+02,3.162277660168379523e+00,2.969848480983499428e+01,1.774767590418531427e+02,3.356262802582658082e+02,3.519730103289170984e+02,3.851610052951882039e+02,1.054751155486449363e+02,4.501555286787001364e+02,2.500000000000000000e+01,2.630779352207250668e+02,9.121403400793103344e+01,3.596845840455217740e+02,1.994818287463797901e+02,1.688075827680735301e+02,1.970025380547164389e+02,4.172061840385398455e+02,1.259245806028354480e+02,4.688923117305294568e+02,2.743446737226731784e+02,1.665082580534671308e+02,4.626499756835614221e+02,1.591383046283954741e+02
1.279453008124956455e+02,4.765962651972841400e+02,6.937578828380979701e+01,9.999900000000000000e+04,5.434151267677410146e+01,3.982084881064189403e+02,4.186884283091664543e+02,5.258631000555182027e+02,4.033869110419920503e+02,9.800510190801293220e+01,6.768308503607086379e+01,4.609772228646443892e+01,2.459613790821640293e+02,3.868488076755568841e+02,4.007043798113517141e+02,4.282802820583735297e+02,5.412947441089742995e+01,4.116175409284691682e+02,7.961155694998056731e+01,3.028877679933608533e+02,1.148085362679970700e+02,4.051123301011708122e+02,1.609534094078159114e+02,1.810110493864946477e+02,1.352811886405497148e+02,4.335181657093506260e+02,1.948794499171218320e+02,4.919562988721660872e+02,2.892922397853077427e+02,2.305558500667463022e+02,4.848422423840563056e+02,1.480000000000000000e+02
1.755249270046849972e+02,5.252704065526630757e+02,1.201499063670047178e+02,5.434151267677410146e+01,9.999900000000000000e+04,4.482287362496965102e+02,4.676034644867379484e+02,5.706706580857298832e+02,4.563551248753540790e+02,4.632493928760187885e+01,1.190378091196238444e+02,1.001299156096718121e+02,2.976071235706564835e+02,4.403101179850401650e+02,4.536353160855093734e+02,4.796926099076365517e+02,7.738862965578341857e+01,4.132844057062883962e+02,1.239395013706284061e+02,3.539745753581745475e+02,1.657105910918188840e+02,4.572362627788832583e+02,1.732772345116345605e+02,2.248644035858054622e+02,1.189033220730186287e+02,4.740516849458505817e+02,2.423241630543681424e+02,5.353204647685347481e+02,3.311449833532134335e+02,2.843817856333278087e+02,5.278418323702660473e+02,1.824965753103328723e+02
3.494967811010567971e+02,8.237718130647589021e+01,3.599736101438548417e+02,3.982084881064189403e+02,4.482287362496965102e+02,9.999900000000000000e+04,2.915475947422650194e+01,1.576895684565088800e+02,7.521303078589507152e+01,4.804050374423648577e+02,3.585205712368538684e+02,3.606729820765619934e+02,2.816256380374485957e+02,9.270382947861430978e+01,7.349829930005184053e+01,4.393176527297759293e+01,3.780581965782516818e+02,4.502588144611941061e+02,3.783596172955036536e+02,9.689685237405805651e+01,2.834025405672998090e+02,4.957822102496216132e+01,3.516930479836074142e+02,2.304886114323221875e+02,4.304056226398535046e+02,1.458903697986950760e+02,3.358868857219644610e+02,1.454957044039445293e+02,1.540129864654276446e+02,2.412343259156955071e+02,1.445337330867780565e+02,2.873360402038003940e+02
3.753531670307311856e+02,5.800000000000000000e+01,3.833444925911940118e+02,4.186884283091664543e+02,4.676034644867379484e+02,2.915475947422650194e+01,9.999900000000000000e+04,1.286545762886031241e+02,9.889893831583835038e+01,4.981616203603003328e+02,3.817603960601466042e+02,3.825767896775757322e+02,3.104464527096420170e+02,1.189621788637044091e+02,9.769339793455850440e+01,5.517245689653488938e+01,3.957903485432660204e+02,4.438569589406028513e+02,4.024649053023132979e+02,1.212476803901831346e+02,3.040411156406317446e+02,7.249827584156743399e+01,3.624168870237699025e+02,2.464650076582880729e+02,4.434647674844079575e+02,1.246515142306743087e+02,3.637829022920126363e+02,1.169658069693874296e+02,1.600312469488380884e+02,2.694735608552349504e+02,1.164989270336855895e+02,3.014697331408245873e+02
4.977730406520626616e+02,8.747571091451615644e+01,4.992364169409118517e+02,5.258631000555182027e+02,5.706706580857298832e+02,1.576895684565088800e+02,1.286545762886031241e+02,9.999900000000000000e+04,2.165202069091935755e+02,5.956047347024702958e+02,4.973137842449171444e+02,4.944178394839732960e+02,4.390136672132201170e+02,2.401332963168581500e+02,2.163330765278393528e+02,1.645964762684790799e+02,4.950737318824338331e+02,4.510044345679984303e+02,5.201557459069350671e+02,2.446242015827542673e+02,4.138852497975737492e+02,1.920416621465248568e+02,4.402385716858530600e+02,3.458626895170972375e+02,5.264228338512682512e+02,1.138859078200634940e+02,4.908543572181059744e+02,4.220189569201838253e+01,2.411182282615729662e+02,3.973109613388485286e+02,5.141984052872976463e+01,3.928612986793175992e+02
3.318026521895206429e+02,1.300038460969520600e+02,3.544573317058063253e+02,4.033869110419920503e+02,4.563551248753540790e+02,7.521303078589507152e+01,9.889893831583835038e+01,2.165202069091935755e+02,9.999900000000000000e+04,4.933984191300170892e+02,3.536240942017384441e+02,3.613225705654159583e+02,2.412674864129023149e+02,2.500000000000000000e+01,3.000000000000000000e+00,5.200961449578337437e+01,3.930814165029937044e+02,5.144706016868213965e+02,3.690054200143949288e+02,1.113642671596235090e+02,2.915475947422650052e+02,2.640075756488817049e+01,3.865708214544910675e+02,2.562654873368632025e+02,4.578667928557387654e+02,2.210542919737140153e+02,3.044552512274997866e+02,2.134759939665347872e+02,2.066034849657672225e+02,2.098975940786363594e+02,2.141051143714227010e+02,3.155455593095868494e+02
2.218220007122828292e+02,5.552666026333656646e+02,1.658734457349939930e+02,9.800510190801293220e+01,4.632493928760187885e+01,4.804050374423648577e+02,4.981616203603003328e+02,5.956047347024702958e+02,4.933984191300170892e+02,9.999900000000000000e+04,1.645964762684790799e+02,1.440555448429528553e+02,3.433132680220792281e+02,4.784903342806414344e+02,4.906088054652097412e+02,5.138608761133698408e+02,1.023962889952560715e+02,3.990613987846982695e+02,1.702615634839525285e+02,3.881855226563711199e+02,2.018960128382925632e+02,4.926753494949792866e+02,1.758664265856334623e+02,2.522578046364472755e+02,1.023132444994293024e+02,4.946928339889309427e+02,2.886468430452687244e+02,5.587289145909669514e+02,3.545715724645730802e+02,3.284402533186211031e+02,5.508729436085965290e+02,2.029704411977271263e+02
6.191122676865642660e+01,4.395918561575043668e+02,3.162277660168379523e+00,6.768308503607086379e+01,1.190378091196238444e+02,3.585205712368538684e+02,3.817603960601466042e+02,4.973137842449171444e+02,3.536240942017384441e+02,1.645964762684790799e+02,9.999900000000000000e+04,2.690724809414741969e+01,1.787176544161208369e+02,3.349402931867111306e+02,3.511253337485063639e+02,3.839856768162062508e+02,1.027277956543407953e+02,4.470011185668330995e+02,2.801785145224380003e+01,2.616333312099205841e+02,8.860022573334674689e+01,3.586321234914686329e+02,1.963593644316460995e+02,1.661384964419745813e+02,1.944016460835658791e+02,4.148795005781799432e+02,1.280351514233493617e+02,4.668211649015070179e+02,2.718915224864504694e+02,1.669041641182148510e+02,4.605442432600802931e+02,1.560416611036937127e+02
8.848163651289458187e+01,4.405734898969751043e+02,2.969848480983499428e+01,4.609772228646443892e+01,1.001299156096718121e+02,3.606729820765619934e+02,3.825767896775757322e+02,4.944178394839732960e+02,3.613225705654159583e+02,1.440555448429528553e+02,2.690724809414741969e+01,9.999900000000000000e+04,2.008979840615629371e+02,3.439084180417804077e+02,3.587101894287364416e+02,3.886347900021303872e+02,7.582216034906944913e+01,4.228782330647913454e+02,5.056678751908212632e+01,2.642725865465428683e+02,8.070935509592429469e+01,3.644406673246003265e+02,1.713971995103770780e+02,1.554670383071601520e+02,1.676305461424020962e+02,4.075303669666838573e+02,1.538473269186046082e+02,4.623526792395605867e+02,2.634103262972049606e+02,1.844586674569671629e+02,4.556983651495800700e+02,1.370145977624282239e+02
1.260198397078809194e+02,3.608392994118018464e+02,1.774767590418531427e+02,2.459613790821640293e+02,2.976071235706564835e+02,2.816256380374485957e+02,3.104464527096420170e+02,4.390136672132201170e+02,2.412674864129023149e+02,3.433132680220792281e+02,1.787176544161208369e+02,2.008979840615629371e+02,9.999900000000000000e+04,2.169539121564762070e+02,2.398270209963839648e+02,2.874456470360962044e+02,2.684790494619645642e+02,5.530298364464615588e+02,1.774063133036702311e+02,2.020890892651060540e+02,1.833303030052587985e+02,2.578003103178892843e+02,3.293341767870441004e+02,2.238258251408894068e+02,3.591378565397972693e+02,3.940621778349198507e+02,7.083078426785912995e+01,4.214380144220499460e+02,2.818882757405848452e+02,4.904079934095691584e+01,4.182451434266750425e+02,2.601095922875586552e+02
3.105382424114620790e+02,1.542076522096098756e+02,3.356262802582658082e+02,3.868488076755568841e+02,4.403101179850401650e+02,9.270382947861430978e+01,1.189621788637044091e+02,2.401332963168581500e+02,2.500000000000000000e+01,4.784903342806414344e+02,3.349402931867111306e+02,3.439084180417804077e+02,2.169539121564762070e+02,9.999900000000000000e+04,2.433105012119287736e+01,7.623647421018367254e+01,3.792545319439175842e+02,5.188882345939248353e+02,3.492420364160076360e+02,1.050761628534274195e+02,2.767038127673704366e+02,4.816637831516918311e+01,3.790118731649445181e+02,2.472023462671824916e+02,4.473935627610214283e+02,2.377772066452123170e+02,2.810160137785745746e+02,2.351616465327626599e+02,2.082546518087891343e+02,1.870187156409753584e+02,2.352615565705540348e+02,3.064180151361861704e+02
3.296209944769901767e+02,1.300615239031128567e+02,3.519730103289170984e+02,4.007043798113517141e+02,4.536353160855093734e+02,7.349829930005184053e+01,9.769339793455850440e+01,2.163330765278393528e+02,3.000000000000000000e+00,4.906088054652097412e+02,3.511253337485063639e+02,3.587101894287364416e+02,2.398270209963839648e+02,2.433105012119287736e+01,9.999900000000000000e+04,5.203844732503075221e+01,3.902435137193185710e+02,5.117548241101396798e+02,3.666196939609218362e+02,1.083743512091306656e+02,2.887715359934216508e+02,2.529822128134703618e+01,3.835752859609179950e+02,2.532923212416831120e+02,4.549120794175507285e+02,2.193855054464629006e+02,3.027110833781941324e+02,2.127087210247854330e+02,2.037302137632020447e+02,2.080384579831334975e+02,2.132135080148535167e+02,3.125699921617556925e+02
3.686760095259793388e+02,7.802563681252463823e+01,3.851610052951882039e+02,4.282802820583735297e+02,4.796926099076365517e+02,4.393176527297759293e+01,5.517245689653488938e+01,1.645964762684790799e+02,5.200961449578337437e+01,5.138608761133698408e+02,3.839856768162062508e+02,3.886347900021303872e+02,2.874456470360962044e+02,7.623647421018367254e+01,5.203844732503075221e+01,9.999900000000000000e+04,4.119247504095863519e+02,4.937418353755330713e+02,4.018382759270201632e+02,1.257815566766447688e+02,3.140143308831620743e+02,2.973213749463701205e+01,3.918596687591107752e+02,2.672171401688147512e+02,4.686800614491723991e+02,1.796941846582687958e+02,3.474622281630047951e+02,1.635267562205035574e+02,1.971243262512265346e+02,2.521031534907883724e+02,1.649242250247064305e+02,3.252814166225915642e+02
1.640121946685672469e+02,4.529657823721345835e+02,1.054751155486449363e+02,5.412947441089742995e+01,7.738862965578341857e+01,3.780581965782516818e+02,3.957903485432660204e+02,4.950737318824338331e+02,3.930814165029937044e+02,1.023962889952560715e+02,1.027277956543407953e+02,7.582216034906944913e+01,2.684790494619645642e+02,3.792545319439175842e+02,3.902435137193185710e+02,4.119247504095863519e+02,9.999900000000000000e+04,3.575765652276446644e+02,1.236931687685298158e+02,2.864349838968697100e+02,1.034069630150697350e+02,3.913080627842978743e+02,1.069205312369892766e+02,1.502431362824937935e+02,9.243916918709297192e+01,3.969937027208366089e+02,2.281140065844269884e+02,4.590697114818183877e+02,2.546998233214934828e+02,2.438237068047321827e+02,4.514532090925924308e+02,1.051189802081431850e+02
4.981977519017925147e+02,4.752188969306670856e+02,4.501555286787001364e+02,4.116175409284691682e+02,4.132844057062883962e+02,4.502588144611941061e+02,4.438569589406028513e+02,4.510044345679984303e+02,5.144706016868213965e+02,3.990613987846982695e+02,4.470011185668330995e+02,4.228782330647913454e+02,5.530298364464615588e+02,5.188882345939248353e+02,5.117548241101396798e+02,4.937418353755330713e+02,3.575765652276446644e+02,9.999900000000000000e+04,4.733550464503362605e+02,4.213715699949392501e+02,3.820994634908560101e+02,4.946321865790781658e+02,2.520337279016441414e+02,3.293144394040443785e+02,2.973785466371103325e+02,3.437862708137135428e+02,5.469634357066292978e+02,4.101755721639210606e+02,3.116167517961766862e+02,5.080836545294485518e+02,4.012443146014657032e+02,2.999549966244936741e+02
5.215361924162119323e+01,4.600369550373100083e+02,2.500000000000000000e+01,7.961155694998056731e+01,1.239395013706284061e+02,3.783596172955036536e+02,4.024649053023132979e+02,5.201557459069350671e+02,3.690054200143949288e+02,1.702615634839525285e+02,2.801785145224380003e+01,5.056678751908212632e+01,1.774063133036702311e+02,3.492420364160076360e+02,3.666196939609218362e+02,4.018382759270201632e+02,1.236931687685298158e+02,4.733550464503362605e+02,9.999900000000000000e+04,2.815759222660914816e+02,1.155205609404663534e+02,3.756301372360849200e+02,2.219639610387235678e+02,1.931864384474231144e+02,2.130375553746334276e+02,4.401545183228271867e+02,1.184567431596867806e+02,4.905965756097365897e+02,2.978925980953538328e+02,1.733493582335971723e+02,4.845307007816945202e+02,1.839836949297409774e+02
2.543324595878394803e+02,1.785077029150282897e+02,2.630779352207250668e+02,3.028877679933608533e+02,3.539745753581745475e+02,9.689685237405805651e+01,1.212476803901831346e+02,2.446242015827542673e+02,1.113642671596235090e+02,3.881855226563711199e+02,2.616333312099205841e+02,2.642725865465428683e+02,2.020890892651060540e+02,1.050761628534274195e+02,1.083743512091306656e+02,1.257815566766447688e+02,2.864349838968697100e+02,4.213715699949392501e+02,2.815759222660914816e+02,9.999900000000000000e+04,1.883666637173361380e+02,1.053043208990020503e+02,2.752616936662273588e+02,1.451688671857709210e+02,3.471310991541956241e+02,1.924396009141569550e+02,2.472508847304696644e+02,2.219234102117214604e+02,1.104219181141135522e+02,1.562849960808778462e+02,2.179105320997587683e+02,2.043648697795195801e+02
1.203037821516846577e+02,3.619958563298756644e+02,9.121403400793103344e+01,1.148085362679970700e+02,1.657105910918188840e+02,2.834025405672998090e+02,3.040411156406317446e+02,4.138852497975737492e+02,2.915475947422650052e+02,2.018960128382925632e+02,8.860022573334674689e+01,8.070935509592429469e+01,1.833303030052587985e+02,2.767038127673704366e+02,2.887715359934216508e+02,3.140143308831620743e+02,1.034069630150697350e+02,3.820994634908560101e+02,1.155205609404663534e+02,1.883666637173361380e+02,9.999900000000000000e+04,2.916110423149301596e+02,1.462087548678258884e+02,7.766595135579039777e+01,1.836355085488642658e+02,3.273606573795941017e+02,1.650242406436096871e+02,3.816438129984554166e+02,1.836981219283419762e+02,1.491207564358496711e+02,3.749946666287402195e+02,8.215229759416348543e+01
3.411187476524853537e+02,1.066770828247566953e+02,3.596845840455217740e+02,4.051123301011708122e+02,4.572362627788832583e+02,4.957822102496216132e+01,7.249827584156743399e+01,1.920416621465248568e+02,2.640075756488817049e+01,4.926753494949792866e+02,3.586321234914686329e+02,3.644406673246003265e+02,2.578003103178892843e+02,4.816637831516918311e+01,2.529822128134703618e+01,2.973213749463701205e+01,3.913080627842978743e+02,4.946321865790781658e+02,3.756301372360849200e+02,1.053043208990020503e+02,2.916110423149301596e+02,9.999900000000000000e+04,3.776903493604251594e+02,2.498259394058190992e+02,4.518948992852209585e+02,1.950640920313115885e+02,3.183237345847776965e+02,1.874806656698231393e+02,1.902472076010578519e+02,2.230336297512103840e+02,1.879255171603899157e+02,3.087069808086626495e+02
2.513404066201851208e+02,4.154154546956576723e+02,1.994818287463797901e+02,1.609534094078159114e+02,1.732772345116345605e+02,3.516930479836074142e+02,3.624168870237699025e+02,4.402385716858530600e+02,3.865708214544910675e+02,1.758664265856334623e+02,1.963593644316460995e+02,1.713971995103770780e+02,3.293341767870441004e+02,3.790118731649445181e+02,3.835752859609179950e+02,3.918596687591107752e+02,1.069205312369892766e+02,2.520337279016441414e+02,2.219639610387235678e+02,2.752616936662273588e+02,1.462087548678258884e+02,3.776903493604251594e+02,9.999900000000000000e+04,1.326386067478092912e+02,8.711486669908873637e+01,3.320542124412819476e+02,3.071481727114781393e+02,4.005358910260102903e+02,2.043134846259541462e+02,2.923593679019025444e+02,3.920025510121075740e+02,7.543208866258443379e+01
1.933726971420732923e+02,3.031847621500790524e+02,1.688075827680735301e+02,1.810110493864946477e+02,2.248644035858054622e+02,2.304886114323221875e+02,2.464650076582880729e+02,3.458626895170972375e+02,2.562654873368632025e+02,2.522578046364472755e+02,1.661384964419745813e+02,1.554670383071601520e+02,2.238258251408894068e+02,2.472023462671824916e+02,2.532923212416831120e+02,2.672171401688147512e+02,1.502431362824937935e+02,3.293144394040443785e+02,1.931864384474231144e+02,1.451688671857709210e+02,7.766595135579039777e+01,2.498259394058190992e+02,1.326386067478092912e+02,9.999900000000000000e+04,2.020742437818338146e+02,2.529604712203074541e+02,2.261526033456170524e+02,3.111334118991401283e+02,1.085587398600407454e+02,1.789664773079025508e+02,3.039161068452937116e+02,5.930430001273094831e+01
2.560956852428404318e+02,4.979809233293982516e+02,1.970025380547164389e+02,1.352811886405497148e+02,1.189033220730186287e+02,4.304056226398535046e+02,4.434647674844079575e+02,5.264228338512682512e+02,4.578667928557387654e+02,1.023132444994293024e+02,1.944016460835658791e+02,1.676305461424020962e+02,3.591378565397972693e+02,4.473935627610214283e+02,4.549120794175507285e+02,4.686800614491723991e+02,9.243916918709297192e+01,2.973785466371103325e+02,2.130375553746334276e+02,3.471310991541956241e+02,1.836355085488642658e+02,4.518948992852209585e+02,8.711486669908873637e+01,2.020742437818338146e+02,9.999900000000000000e+04,4.190143195643795480e+02,3.205510879719487320e+02,4.870831551183021588e+02,2.881891739812583637e+02,3.310966626228660630e+02,4.786282482261154883e+02,1.434050208326054303e+02
4.266427076606372566e+02,1.357718674836580419e+02,4.172061840385398455e+02,4.335181657093506260e+02,4.740516849458505817e+02,1.458903697986950760e+02,1.246515142306743087e+02,1.138859078200634940e+02,2.210542919737140153e+02,4.946928339889309427e+02,4.148795005781799432e+02,4.075303669666838573e+02,3.940621778349198507e+02,2.377772066452123170e+02,2.193855054464629006e+02,1.796941846582687958e+02,3.969937027208366089e+02,3.437862708137135428e+02,4.401545183228271867e+02,1.924396009141569550e+02,3.273606573795941017e+02,1.950640920313115885e+02,3.320542124412819476e+02,2.529604712203074541e+02,4.190143195643795480e+02,9.999900000000000000e+04,4.333774336533917904e+02,7.178439941937244839e+01,1.444022160494775733e+02,3.470705980056507087e+02,6.262587324740470507e+01,2.923183196448693479e+02
6.705221845696084415e+01,4.173367944478416121e+02,1.259245806028354480e+02,1.948794499171218320e+02,2.423241630543681424e+02,3.358868857219644610e+02,3.637829022920126363e+02,4.908543572181059744e+02,3.044552512274997866e+02,2.886468430452687244e+02,1.280351514233493617e+02,1.538473269186046082e+02,7.083078426785912995e+01,2.810160137785745746e+02,3.027110833781941324e+02,3.474622281630047951e+02,2.281140065844269884e+02,5.469634357066292978e+02,1.184567431596867806e+02,2.472508847304696644e+02,1.650242406436096871e+02,3.183237345847776965e+02,3.071481727114781393e+02,2.261526033456170524e+02,3.205510879719487320e+02,4.333774336533917904e+02,9.999900000000000000e+04,4.691407038405429262e+02,3.066528982416438680e+02,9.538343671728335949e+01,4.649408564538074415e+02,2.471315439194276564e+02
4.712589521696112911e+02,9.500000000000000000e+01,4.688923117305294568e+02,4.919562988721660872e+02,5.353204647685347481e+02,1.454957044039445293e+02,1.169658069693874296e+02,4.220189569201838253e+01,2.134759939665347872e+02,5.587289145909669514e+02,4.668211649015070179e+02,4.623526792395605867e+02,4.214380144220499460e+02,2.351616465327626599e+02,2.127087210247854330e+02,1.635267562205035574e+02,4.590697114818183877e+02,4.101755721639210606e+02,4.905965756097365897e+02,2.219234102117214604e+02,3.816438129984554166e+02,1.874806656698231393e+02,4.005358910260102903e+02,3.111334118991401283e+02,4.870831551183021588e+02,7.178439941937244839e+01,4.691407038405429262e+02,9.999900000000000000e+04,2.043844416779320454e+02,3.775248336202533892e+02,9.219544457292887074e+00,3.557597503934361498e+02
2.893648216352499389e+02,2.112865353021815338e+02,2.743446737226731784e+02,2.892922397853077427e+02,3.311449833532134335e+02,1.540129864654276446e+02,1.600312469488380884e+02,2.411182282615729662e+02,2.066034849657672225e+02,3.545715724645730802e+02,2.718915224864504694e+02,2.634103262972049606e+02,2.818882757405848452e+02,2.082546518087891343e+02,2.037302137632020447e+02,1.971243262512265346e+02,2.546998233214934828e+02,3.116167517961766862e+02,2.978925980953538328e+02,1.104219181141135522e+02,1.836981219283419762e+02,1.902472076010578519e+02,2.043134846259541462e+02,1.085587398600407454e+02,2.881891739812583637e+02,1.444022160494775733e+02,3.066528982416438680e+02,2.043844416779320454e+02,9.999900000000000000e+04,2.328475896375137495e+02,1.967587355112854937e+02,1.517432041311899980e+02
1.276322843170958805e+02,3.222731760478988576e+02,1.665082580534671308e+02,2.305558500667463022e+02,2.843817856333278087e+02,2.412343259156955071e+02,2.694735608552349504e+02,3.973109613388485286e+02,2.098975940786363594e+02,3.284402533186211031e+02,1.669041641182148510e+02,1.844586674569671629e+02,4.904079934095691584e+01,1.870187156409753584e+02,2.080384579831334975e+02,2.521031534907883724e+02,2.438237068047321827e+02,5.080836545294485518e+02,1.733493582335971723e+02,1.562849960808778462e+02,1.491207564358496711e+02,2.230336297512103840e+02,2.923593679019025444e+02,1.789664773079025508e+02,3.310966626228660630e+02,3.470705980056507087e+02,9.538343671728335949e+01,3.775248336202533892e+02,2.328475896375137495e+02,9.999900000000000000e+04,3.738716357254184572e+02,2.202271554554524187e+02
4.659291791678215873e+02,9.915644204992432265e+01,4.626499756835614221e+02,4.848422423840563056e+02,5.278418323702660473e+02,1.445337330867780565e+02,1.164989270336855895e+02,5.141984052872976463e+01,2.141051143714227010e+02,5.508729436085965290e+02,4.605442432600802931e+02,4.556983651495800700e+02,4.182451434266750425e+02,2.352615565705540348e+02,2.132135080148535167e+02,1.649242250247064305e+02,4.514532090925924308e+02,4.012443146014657032e+02,4.845307007816945202e+02,2.179105320997587683e+02,3.749946666287402195e+02,1.879255171603899157e+02,3.920025510121075740e+02,3.039161068452937116e+02,4.786282482261154883e+02,6.262587324740470507e+01,4.649408564538074415e+02,9.219544457292887074e+00,1.967587355112854937e+02,3.738716357254184572e+02,9.999900000000000000e+04,3.479080338250325326e+02
2.000249984376952739e+02,3.570658202628753202e+02,1.591383046283954741e+02,1.480000000000000000e+02,1.824965753103328723e+02,2.873360402038003940e+02,3.014697331408245873e+02,3.928612986793175992e+02,3.155455593095868494e+02,2.029704411977271263e+02,1.560416611036937127e+02,1.370145977624282239e+02,2.601095922875586552e+02,3.064180151361861704e+02,3.125699921617556925e+02,3.252814166225915642e+02,1.051189802081431850e+02,2.999549966244936741e+02,1.839836949297409774e+02,2.043648697795195801e+02,8.215229759416348543e+01,3.087069808086626495e+02,7.543208866258443379e+01,5.930430001273094831e+01,1.434050208326054303e+02,2.923183196448693479e+02,2.471315439194276564e+02,3.557597503934361498e+02,1.517432041311899980e+02,2.202271554554524187e+02,3.479080338250325326e+02,9.999900000000000000e+04
