9.999900000000000000e+04,6.650932265479780199e+02,9.772952470978256088e+02,1.291362845988686558e+03,1.062346459494264991e+03,1.357843142634671267e+03,4.303045433178692178e+02,3.340014970026331866e+02,1.078501274918115314e+03,1.519490046035182104e+03,1.427266268080346663e+03,1.588260054273228889e+03,1.740370362882567633e+03,9.984988733093292979e+01,1.324092141808869656e+03,1.389390153988432530e+03,2.067002660859438663e+02,1.356331817808606957e+03,5.799672404541483957e+02,2.122118045726957007e+03,5.981111936755572742e+02,7.797756087490811296e+02,1.152722863484541222e+03,1.509471430667039840e+03,1.124348700359457098e+03,1.826871916692574359e+03,9.384481871685831038e+02,1.935479268811732936e+03,1.827612650426780192e+03,5.360643618074233245e+02,7.934765276931636890e+02,1.055032226995934025e+03,9.483295840582006804e+02,5.695059262202632908e+02,1.732919501881146289e+03,1.789894410293523379e+03,4.466956458261038279e+02,1.164776373386754358e+03,1.872431574183686962e+02,1.724539358785412105e+03,6.766461409037962085e+02,3.053604427557701797e+02,1.173211404649647875e+03,1.588555318520573337e+03,1.750214272596358342e+03
6.650932265479780199e+02,9.999900000000000000e+04,1.207478778281423956e+03,1.374017831034226447e+03,4.769203287762013588e+02,1.320919755322025594e+03,6.885034495193179964e+02,7.816968721953542172e+02,8.213647180150849181e+02,8.580658482890459027e+02,7.686923962158075483e+02,1.302751319323837834e+03,1.362974687952788145e+03,6.758113642134171641e+02,1.399701753946175586e+03,8.754975728121694374e+02,7.899582267436677512e+02,7.751032189328076356e+02,9.779493851933237920e+02,1.539473286549656223e+03,2.030024630392449296e+02,1.118540566988967157e+03,4.882673448020049705e+02,1.405569279687059861e+03,9.916314839697255366e+02,1.756528963609766379e+03,4.260187789288166869e+02,1.521695436018653481e+03,1.313645690435590723e+03,9.524536734140931458e+02,9.830340787582086932e+02,7.892274703784707981e+02,8.883163850791000868e+02,7.166658914724489478e+02,1.099218358653092992e+03,1.324823384455452697e+03,2.964456105257758622e+02,1.320274592651089279e+03,5.601258787094201352e+02,1.090644304986735733e+03,9.382542299398388650e+02,6.973162840490676899e+02,5.160852642732594404e+02,1.652534114625171696e+03,1.220942668596687326e+03
9.772952470978256088e+02,1.207478778281423956e+03,9.999900000000000000e+04,3.711172321517824457e+02,1.678916912774423054e+03,5.536966678606618188e+02,5.842773314103500297e+02,6.450124029815240192e+02,7.613967428351660374e+02,1.906725989753115982e+03,1.684069179101618829e+03,1.041049470486393375e+03,1.287542232317060780e+03,8.774554119725970622e+02,4.032988966015156507e+02,1.285966173738640691e+03,8.000506233982947606e+02,1.396012177597315940e+03,4.211650507817570315e+02,1.984848860744817557e+03,1.309763719149373856e+03,2.360338958709108681e+02,1.524683573729316549e+03,7.402229393905595316e+02,5.892384916143886358e+02,9.601650899715110654e+02,1.082807923872004267e+03,1.495465813718254140e+03,1.591809661988517973e+03,4.654084227858365921e+02,2.246619682990425417e+02,7.698603769515613067e+02,4.772473153407989344e+02,4.987033186173919717e+02,1.815297220842911884e+03,1.471283793154808109e+03,1.227941773863891285e+03,2.071955597979840888e+02,8.519354435636540757e+02,1.809212535884051476e+03,3.057907781474124249e+02,6.781865525060195523e+02,1.484533933596669158e+03,6.421292704744115554e+02,1.563433401203901667e+03
1.291362845988686558e+03,1.374017831034226447e+03,3.711172321517824457e+02,9.999900000000000000e+04,1.817306248269674597e+03,2.404412610181538810e+02,8.675136886528073319e+02,9.722268253859281231e+02,7.038955888482324781e+02,1.943544185245089920e+03,1.690091417645802949e+03,7.862060798543852798e+02,1.046596866037730933e+03,1.192942580344921680e+03,3.337663853655727308e+01,1.197883550266886232e+03,1.135091626257545840e+03,1.350858245709001039e+03,7.766414874316205896e+02,1.816865707750575666e+03,1.514894385757634154e+03,6.056005284013547225e+02,1.589844017506120053e+03,4.115458662166344652e+02,4.793349559546017531e+02,5.892070943225310202e+02,1.135447488878283593e+03,1.241960546877395700e+03,1.412957890384564962e+03,8.184259282305271199e+02,4.987755006012224044e+02,7.262926407447620250e+02,4.949232263695047322e+02,7.441081910582627188e+02,1.743249838663408582e+03,1.269357317700575550e+03,1.463442858467661608e+03,1.707922714879101420e+02,1.140232432445244967e+03,1.738533289873967306e+03,6.228739840449270559e+02,9.860147057726877620e+02,1.532172640403162859e+03,2.983320297923104363e+02,1.406989694347474597e+03
1.062346459494264991e+03,4.769203287762013588e+02,1.678916912774423054e+03,1.817306248269674597e+03,9.999900000000000000e+04,1.733145694972006595e+03,1.163519660340984501e+03,1.243028961850849328e+03,1.191119221572718970e+03,5.465912549611455233e+02,6.277395956923539870e+02,1.600927855963534739e+03,1.590393976346741510e+03,1.100444455663256122e+03,1.840434731252374604e+03,1.035608516766833191e+03,1.224673425856869017e+03,8.599023200340839139e+02,1.451397257817445279e+03,1.514087513983257168e+03,4.643070105005953678e+02,1.595446645927089548e+03,3.891657744458009347e+02,1.788515585618420118e+03,1.393879478290716406e+03,2.136550724883451039e+03,7.252068670386402118e+02,1.704540993933557502e+03,1.409642507872119950e+03,1.423889391771706414e+03,1.455311994041140224e+03,1.159698667758137844e+03,1.323028722288371227e+03,1.192572429666223570e+03,1.004853223112709088e+03,1.475577852910513229e+03,6.167989948111135163e+02,1.779659517997754620e+03,1.004031872004071374e+03,9.968309786518474311e+02,1.414884447578670688e+03,1.160417597246784226e+03,4.758833890776184603e+02,2.082129678958541717e+03,1.307551146227175423e+03
1.357843142634671267e+03,1.320919755322025594e+03,5.536966678606618188e+02,2.404412610181538810e+02,1.733145694972006595e+03,9.999900000000000000e+04,9.278793024957502666e+02,1.063994830814511033e+03,5.578861891102880008e+02,1.797228978177238332e+03,1.531908939852496587e+03,5.467321099039272667e+02,8.075078946982499701e+02,1.264058542948070908e+03,2.297868577617092569e+02,1.005475509398413919e+03,1.228565423573364342e+03,1.174585033107437539e+03,9.091578520807044015e+02,1.588031800689142301e+03,1.484104106860431784e+03,7.697298227300277631e+02,1.466189619387615267e+03,1.865314986805177568e+02,3.399911763560930922e+02,4.695881173965116204e+02,1.020855033782955843e+03,1.001603714050621875e+03,1.183791366753449438e+03,9.457721712970835597e+02,6.027014186145573831e+02,5.861919480852667448e+02,4.430180583226828048e+02,7.889822558207504244e+02,1.547706690558647097e+03,1.035698797913756380e+03,1.456950582552476362e+03,3.878066528568069771e+02,1.188690876552857162e+03,1.543622363144561405e+03,7.326281457874792977e+02,1.059009442828533111e+03,1.399983214185084535e+03,3.650342449688795909e+02,1.184304015023169541e+03
4.303045433178692178e+02,6.885034495193179964e+02,5.842773314103500297e+02,8.675136886528073319e+02,1.163519660340984501e+03,9.278793024957502666e+02,9.999900000000000000e+04,1.789217706149813409e+02,7.116607337769872856e+02,1.497907874336736313e+03,1.331712055964051160e+03,1.197672743281736302e+03,1.378200638513855893e+03,3.363866822571904436e+02,8.997255136984834962e+02,1.125684236364709932e+03,3.226716597409819087e+02,1.151125536160153160e+03,2.905580836941213079e+02,1.876668590881192358e+03,7.484470589159931251e+02,4.401681496882753777e+02,1.104905425817069727e+03,1.082719723658897692e+03,7.126696289305444907e+02,1.396662092275722898e+03,7.436188539836789460e+02,1.582805736658797969e+03,1.536479742788690373e+03,2.698981289301576680e+02,3.766709439285169765e+02,6.948474652756531214e+02,5.308719242905957572e+02,1.433492239253495200e+02,1.566403524000121706e+03,1.469388988661613666e+03,6.499792304374039986e+02,7.530484712154988074e+02,2.735141678231677815e+02,1.558733460216980120e+03,2.805280734614630092e+02,1.361947135537940028e+02,1.092216553619290380e+03,1.165765842697408971e+03,1.473743532640601643e+03
3.340014970026331866e+02,7.816968721953542172e+02,6.450124029815240192e+02,9.722268253859281231e+02,1.243028961850849328e+03,1.063994830814511033e+03,1.789217706149813409e+02,9.999900000000000000e+04,8.895043563693210444e+02,1.621684617920512892e+03,1.474384617391269558e+03,1.369068661536009358e+03,1.554969453076168975e+03,2.348041737278109053e+02,1.005401909685872852e+03,1.300182294910986684e+03,1.647786393923678361e+02,1.316715990637312871e+03,2.501379619330100752e+02,2.050893463834725935e+03,7.983107164506812978e+02,4.470357927504239797e+02,1.231898128905146223e+03,1.228684255616551809e+03,8.777590785631327890e+02,1.527781397975508753e+03,9.024466743248600551e+02,1.760353657649507568e+03,1.714405144649303793e+03,2.086000958772550575e+02,4.743184584221870637e+02,8.732708629056622840e+02,6.941411960113014175e+02,3.108761811396942676e+02,1.726913141996435115e+03,1.648304886845877263e+03,6.736839021380873191e+02,8.371170766386264859e+02,2.523667965481988631e+02,1.719063989501263450e+03,3.500757060979810262e+02,8.485281374238570606e+01,1.228365580761688307e+03,1.266658991204815266e+03,1.650487503739425392e+03
1.078501274918115314e+03,8.213647180150849181e+02,7.613967428351660374e+02,7.038955888482324781e+02,1.191119221572718970e+03,5.578861891102880008e+02,7.116607337769872856e+02,8.895043563693210444e+02,9.999900000000000000e+04,1.244352442035615468e+03,9.865373789167848599e+02,5.162799628108764409e+02,6.678472879334017307e+02,1.006964249613659376e+03,7.170251041630272084e+02,5.249761899362674740e+02,1.029257013578241413e+03,6.527365471612571355e+02,8.718858870288014487e+02,1.237495050495152555e+03,1.008572258194721485e+03,8.525285918958965112e+02,9.084739952249595945e+02,5.975491611574733497e+02,2.261083810919002701e+02,9.468991498570478598e+02,4.684655803791779363e+02,8.711859732571456334e+02,8.603075031638396695e+02,8.860609459850942358e+02,6.212020605245928664e+02,3.224903099319419653e+01,2.861782661209617231e+02,5.832752352020442004e+02,1.061350554717902696e+03,7.695381731922075232e+02,1.022158500429360970e+03,7.420006738541414961e+02,8.912715635540046151e+02,1.055758021518188571e+03,6.998692735075601377e+02,8.408483811008974271e+02,8.423063575683137287e+02,9.210629728742763973e+02,8.168751434582889033e+02
1.519490046035182104e+03,8.580658482890459027e+02,1.906725989753115982e+03,1.943544185245089920e+03,5.465912549611455233e+02,1.797228978177238332e+03,1.497907874336736313e+03,1.621684617920512892e+03,1.244352442035615468e+03,9.999900000000000000e+04,2.823349075123372245e+02,1.499425223210547529e+03,1.400598800513551851e+03,1.533864400786457963e+03,1.959034966507744684e+03,8.634239978133570048e+02,1.646440099122953143e+03,6.613274529308457659e+02,1.784656829757474725e+03,1.074134535335309010e+03,9.461611913410948773e+02,1.886067867283677515e+03,3.933039537050193530e+02,1.796018374070822347e+03,1.470238756120923426e+03,2.117530873446713031e+03,8.249660599079212489e+02,1.451686605297438064e+03,1.094419480820768285e+03,1.767677855266620782e+03,1.699113003893502082e+03,1.219336294875207841e+03,1.467583387750079510e+03,1.478284478711726251e+03,5.629529287604781302e+02,1.210943433856429237e+03,1.099072791037973047e+03,1.953684211944192384e+03,1.415961157659347691e+03,5.569865348462204793e+02,1.698057713977943649e+03,1.536972673797423113e+03,4.222144005123463444e+02,2.162212292999926376e+03,9.965219515896275198e+02
1.427266268080346663e+03,7.686923962158075483e+02,1.684069179101618829e+03,1.690091417645802949e+03,6.277395956923539870e+02,1.531908939852496587e+03,1.331712055964051160e+03,1.474384617391269558e+03,9.865373789167848599e+02,2.823349075123372245e+02,9.999900000000000000e+04,1.217379562831576322e+03,1.121065564541164576e+03,1.423827587877127826e+03,1.703561269810980320e+03,5.811781138343046678e+02,1.524570103340610558e+03,3.795115281516491450e+02,1.608650676809604875e+03,8.878434546697970973e+02,9.095988126641327653e+02,1.688199336571365848e+03,2.905185019925581287e+02,1.521529822251276073e+03,1.212360095021277175e+03,1.838600010877841896e+03,6.082269313340210601e+02,1.181941199891094357e+03,8.377046018734766903e+02,1.597340289356028279e+03,1.486775033419649617e+03,9.638464608017192177e+02,1.227867256669058634e+03,1.290070540706980182e+03,3.774824499231719415e+02,9.414802175298215161e+02,1.049380769787592499e+03,1.712936951554259622e+03,1.296731660753295500e+03,3.693629651169700310e+02,1.501587493288353244e+03,1.391546621568964838e+03,2.540551121312066698e+02,1.896708991912043530e+03,7.367991585228636495e+02
1.588260054273228889e+03,1.302751319323837834e+03,1.041049470486393375e+03,7.862060798543852798e+02,1.600927855963534739e+03,5.467321099039272667e+02,1.197672743281736302e+03,1.369068661536009358e+03,5.162799628108764409e+02,1.499425223210547529e+03,1.217379562831576322e+03,9.999900000000000000e+04,2.609233603953467195e+02,1.511708966699609164e+03,7.764599152564155702e+02,6.364157446198200887e+02,1.520264779569664370e+03,8.381133574881145023e+02,1.295927467106087761e+03,1.062437292267171870e+03,1.499756313538969607e+03,1.214199324658023443e+03,1.253610784892982565e+03,4.141328289329402992e+02,4.996098477812461738e+02,6.452480143324735309e+02,8.958152711357403177e+02,4.585302607244150295e+02,6.630912456065152583e+02,1.320951550966196464e+03,9.973509913766566797e+02,5.440009191168705911e+02,6.810411147647402004e+02,1.058420048940872903e+03,1.121605991424796230e+03,5.029075461752388492e+02,1.529231506345589196e+03,9.172273436831242179e+02,1.401588384655066875e+03,1.119622257728025033e+03,1.110389120984171086e+03,1.332260109738334904e+03,1.170437952221304158e+03,8.353358605974007105e+02,6.859300255857007187e+02
1.740370362882567633e+03,1.362974687952788145e+03,1.287542232317060780e+03,1.046596866037730933e+03,1.590393976346741510e+03,8.075078946982499701e+02,1.378200638513855893e+03,1.554969453076168975e+03,6.678472879334017307e+02,1.400598800513551851e+03,1.121065564541164576e+03,2.609233603953467195e+02,9.999900000000000000e+04,1.672662847079470566e+03,1.037277687025031810e+03,5.608172607900010007e+02,1.697019151335658989e+03,7.575255771259476205e+02,1.510173831053895583e+03,8.170055079373699982e+02,1.565531858506878280e+03,1.446904627126473770e+03,1.216669634699576136e+03,6.706153890271233422e+02,7.194671639484320167e+02,8.544904914626025629e+02,9.379509582062379422e+02,2.107534104113145759e+02,4.312829697541974383e+02,1.531008817740773111e+03,1.222839318962225661e+03,6.879680225126746791e+02,8.902729918401433906e+02,1.245732716115298899e+03,9.533105475132434776e+02,2.630532265531065264e+02,1.618968807605631355e+03,1.173978279185777865e+03,1.553435225556572732e+03,9.529769147256400856e+02,1.327403857158777328e+03,1.508512512377673374e+03,1.129107612231890016e+03,1.087846036900443096e+03,4.783523805731502989e+02
9.984988733093292979e+01,6.758113642134171641e+02,8.774554119725970622e+02,1.192942580344921680e+03,1.100444455663256122e+03,1.264058542948070908e+03,3.363866822571904436e+02,2.348041737278109053e+02,1.006964249613659376e+03,1.533864400786457963e+03,1.423827587877127826e+03,1.511708966699609164e+03,1.672662847079470566e+03,9.999900000000000000e+04,1.225757724837987780e+03,1.345811651012131733e+03,1.280820049811838430e+02,1.326551167501653481e+03,4.824976683881487816e+02,2.086356872637085416e+03,6.382264488408483203e+02,6.814161723939342892e+02,1.157502483798630919e+03,1.418600014098406746e+03,1.039854797555889490e+03,1.732473665023512012e+03,9.058371818378841454e+02,1.870910473539554459e+03,1.779303796432750914e+03,4.391184350491334385e+02,6.946401946331640147e+02,9.850609118222080269e+02,8.613344298238635020e+02,4.779424651566336593e+02,1.714848098229111429e+03,1.733787760944228239e+03,4.944623342581313068e+02,1.065188246273868799e+03,1.329435970628145753e+02,1.706592511409797453e+03,5.769748694700662099e+02,2.072800038595136698e+02,1.170557559456176477e+03,1.489816767256967069e+03,1.705357440538493165e+03
1.324092141808869656e+03,1.399701753946175586e+03,4.032988966015156507e+02,3.337663853655727308e+01,1.840434731252374604e+03,2.297868577617092569e+02,8.997255136984834962e+02,1.005401909685872852e+03,7.170251041630272084e+02,1.959034966507744684e+03,1.703561269810980320e+03,7.764599152564155702e+02,1.037277687025031810e+03,1.225757724837987780e+03,9.999900000000000000e+04,1.204593292360537816e+03,1.168342843518117434e+03,1.360896763167581412e+03,8.099444425391163804e+02,1.813821656062138800e+03,1.542573499059282994e+03,6.381927608489460226e+02,1.608182203607538895e+03,3.928612986793175992e+02,4.913857954804961423e+02,5.575957316909805286e+02,1.154263834658263931e+03,1.230357671573595781e+03,1.409653858221939572e+03,8.517681609452187104e+02,5.317866113395484717e+02,7.403816583357531727e+02,5.174292222130482060e+02,7.754256895409127992e+02,1.749802846037232939e+03,1.263912180493565756e+03,1.492807087335801725e+03,2.008482013860218842e+02,1.172245708032236735e+03,1.745222048909536397e+03,6.561417529772053285e+02,1.018764447750312911e+03,1.549317591715785056e+03,2.665933232472261238e+02,1.406104548033324591e+03
1.389390153988432530e+03,8.754975728121694374e+02,1.285966173738640691e+03,1.197883550266886232e+03,1.035608516766833191e+03,1.005475509398413919e+03,1.125684236364709932e+03,1.300182294910986684e+03,5.249761899362674740e+02,8.634239978133570048e+02,5.811781138343046678e+02,6.364157446198200887e+02,5.608172607900010007e+02,1.345811651012131733e+03,1.204593292360537816e+03,9.999900000000000000e+04,1.407227771187024246e+03,2.030000000000000000e+02,1.346726772586035622e+03,7.509846869277695305e+02,1.075729519907304621e+03,1.360678139752380957e+03,6.566924698822120945e+02,9.640752045354138318e+02,7.272723011362387524e+02,1.265278625441843133e+03,4.653815638806505035e+02,6.714499236726444451e+02,4.440101350194610177e+02,1.351431833279059674e+03,1.132785946240506746e+03,5.164803965302071447e+02,8.091983687576242801e+02,1.028347217626420161e+03,5.453668490108286733e+02,4.540275322048212274e+02,1.160182744226098293e+03,1.259262085508810969e+03,1.214217855246742829e+03,5.406745786515211876e+02,1.192647894392976241e+03,1.231861193479200438e+03,5.688233469188830895e+02,1.362901683908270797e+03,3.610055401236939474e+02
2.067002660859438663e+02,7.899582267436677512e+02,8.000506233982947606e+02,1.135091626257545840e+03,1.224673425856869017e+03,1.228565423573364342e+03,3.226716597409819087e+02,1.647786393923678361e+02,1.029257013578241413e+03,1.646440099122953143e+03,1.524570103340610558e+03,1.520264779569664370e+03,1.697019151335658989e+03,1.280820049811838430e+02,1.168342843518117434e+03,1.407227771187024246e+03,9.999900000000000000e+04,1.403873569806056366e+03,3.871136783943445039e+02,2.154293387633169914e+03,7.640235598461607651e+02,5.885108325256213675e+02,1.265118571518100907e+03,1.392224479026281188e+03,1.034120399179902051e+03,1.692559009311049067e+03,9.834886882928547038e+02,1.899801305400120100e+03,1.832602793842680967e+03,3.420672448510672439e+02,6.381927608489460226e+02,1.010474146131408929e+03,8.513189766474138196e+02,4.640387914819191337e+02,1.802233336724187893e+03,1.776366234761289206e+03,6.219983922808804664e+02,9.964883341013079416e+02,2.305319934412575265e+02,1.794118446480053308e+03,5.122352974952038949e+02,1.886796226411320845e+02,1.272890411622304555e+03,1.428283235216320918e+03,1.763429896536859815e+03
1.356331817808606957e+03,7.751032189328076356e+02,1.396012177597315940e+03,1.350858245709001039e+03,8.599023200340839139e+02,1.174585033107437539e+03,1.151125536160153160e+03,1.316715990637312871e+03,6.527365471612571355e+02,6.613274529308457659e+02,3.795115281516491450e+02,8.381133574881145023e+02,7.575255771259476205e+02,1.326551167501653481e+03,1.360896763167581412e+03,2.030000000000000000e+02,1.403873569806056366e+03,9.999900000000000000e+04,1.399317690876521510e+03,7.704965931138177666e+02,9.654434214390815896e+02,1.440861547824772742e+03,4.727049819919396896e+02,1.149895647439366485e+03,8.722224486906995935e+02,1.460889112835056949e+03,4.209904987051370426e+02,8.481910162221714700e+02,5.587020672952625091e+02,1.397549641336578816e+03,1.221242400181061612e+03,6.360070754323413666e+02,9.218161421888856921e+02,1.074553395602098590e+03,4.244455206501771727e+02,6.159756488693363963e+02,1.070206054925872650e+03,1.394367240005300800e+03,1.193626407214585697e+03,4.176122603564219844e+02,1.262465049021159984e+03,1.241272331118356988e+03,3.847349737156735046e+02,1.537075144552145730e+03,4.592101915245348778e+02
5.799672404541483957e+02,9.779493851933237920e+02,4.211650507817570315e+02,7.766414874316205896e+02,1.451397257817445279e+03,9.091578520807044015e+02,2.905580836941213079e+02,2.501379619330100752e+02,8.718858870288014487e+02,1.784656829757474725e+03,1.608650676809604875e+03,1.295927467106087761e+03,1.510173831053895583e+03,4.824976683881487816e+02,8.099444425391163804e+02,1.346726772586035622e+03,3.871136783943445039e+02,1.399317690876521510e+03,9.999900000000000000e+04,2.092137901764604067e+03,1.024328560570288801e+03,2.014050644844860756e+02,1.391359047837760727e+03,1.087386775715062640e+03,7.967898091717789839e+02,1.355426501142721463e+03,1.008791851672088001e+03,1.720333107278936268e+03,1.729139092149616545e+03,4.517742799230607176e+01,3.098854627116283496e+02,8.641903725453090601e+02,6.199975806404409013e+02,3.250000000000000000e+02,1.821249021962674988e+03,1.640782740035986535e+03,9.107299270365501798e+02,6.248279763262845563e+02,4.949525229756890781e+02,1.813926679885380508e+03,1.860752535938081280e+02,3.120785157616589345e+02,1.374524281342457698e+03,1.060706368416820624e+03,1.677667428306337570e+03
2.122118045726957007e+03,1.539473286549656223e+03,1.984848860744817557e+03,1.816865707750575666e+03,1.514087513983257168e+03,1.588031800689142301e+03,1.876668590881192358e+03,2.050893463834725935e+03,1.237495050495152555e+03,1.074134535335309010e+03,8.878434546697970973e+02,1.062437292267171870e+03,8.170055079373699982e+02,2.086356872637085416e+03,1.813821656062138800e+03,7.509846869277695305e+02,2.154293387633169914e+03,7.704965931138177666e+02,2.092137901764604067e+03,9.999900000000000000e+04,1.721506317153672171e+03,2.089842338550925433e+03,1.145735135186138905e+03,1.475917680631274152e+03,1.397541054853130163e+03,1.667076482948517878e+03,1.183689993199232958e+03,7.004691285131700624e+02,4.042536332551632086e+02,2.099011672192415517e+03,1.858668878525704486e+03,1.237886101384129688e+03,1.521058841728353400e+03,1.777305826243755973e+03,5.173132513284383549e+02,5.596543576172707617e+02,1.835852390580462725e+03,1.917298359671754270e+03,1.953676790055100128e+03,5.245045281024749784e+02,1.930985499686623825e+03,1.981580177535090343e+03,1.073280019379844816e+03,1.897747348832293937e+03,4.217262145041495955e+02
5.981111936755572742e+02,2.030024630392449296e+02,1.309763719149373856e+03,1.514894385757634154e+03,4.643070105005953678e+02,1.484104106860431784e+03,7.484470589159931251e+02,7.983107164506812978e+02,1.008572258194721485e+03,9.461611913410948773e+02,9.095988126641327653e+02,1.499756313538969607e+03,1.565531858506878280e+03,6.382264488408483203e+02,1.542573499059282994e+03,1.075729519907304621e+03,7.640235598461607651e+02,9.654434214390815896e+02,1.024328560570288801e+03,1.721506317153672171e+03,9.999900000000000000e+04,1.188613057306708242e+03,6.193327054176938873e+02,1.581304840946235799e+03,1.164096645472359342e+03,1.930921023760422941e+03,6.290071541723511928e+02,1.724640542258009191e+03,1.511146915425498946e+03,9.918840658060800024e+02,1.086452023791202691e+03,9.767916871063143844e+02,1.043710687882422690e+03,8.110634993636441550e+02,1.261724613376468824e+03,1.526495660000381349e+03,1.550806241927082283e+02,1.443823050099976854e+03,5.505533579953898879e+02,1.253124495012367106e+03,1.020565039573666809e+03,7.194025298815677161e+02,6.675043071022089407e+02,1.801889286277045358e+03,1.416908253910605254e+03
7.797756087490811296e+02,1.118540566988967157e+03,2.360338958709108681e+02,6.056005284013547225e+02,1.595446645927089548e+03,7.697298227300277631e+02,4.401681496882753777e+02,4.470357927504239797e+02,8.525285918958965112e+02,1.886067867283677515e+03,1.688199336571365848e+03,1.214199324658023443e+03,1.446904627126473770e+03,6.814161723939342892e+02,6.381927608489460226e+02,1.360678139752380957e+03,5.885108325256213675e+02,1.440861547824772742e+03,2.014050644844860756e+02,2.089842338550925433e+03,1.188613057306708242e+03,9.999900000000000000e+04,1.494770885453687242e+03,9.544726292565962922e+02,7.283199846221439202e+02,1.193477691454683281e+03,1.080141194474129861e+03,1.657434764930433175e+03,1.710041519963769815e+03,2.464568927824904563e+02,2.315879962346926106e+02,8.523033497528916769e+02,5.730314127515174505e+02,4.104741161145243495e+02,1.865272098113302036e+03,1.605197807125339978e+03,1.086444200131787738e+03,4.431907038736259210e+02,6.813882887164996873e+02,1.858473029129021370e+03,1.880106379968963211e+02,4.987273804394541230e+02,1.467441651310197813e+03,8.771282688409945649e+02,1.669401090211696328e+03
1.152722863484541222e+03,4.882673448020049705e+02,1.524683573729316549e+03,1.589844017506120053e+03,3.891657744458009347e+02,1.466189619387615267e+03,1.104905425817069727e+03,1.231898128905146223e+03,9.084739952249595945e+02,3.933039537050193530e+02,2.905185019925581287e+02,1.253610784892982565e+03,1.216669634699576136e+03,1.157502483798630919e+03,1.608182203607538895e+03,6.566924698822120945e+02,1.265118571518100907e+03,4.727049819919396896e+02,1.391359047837760727e+03,1.145735135186138905e+03,6.193327054176938873e+02,1.494770885453687242e+03,9.999900000000000000e+04,1.491351735842353264e+03,1.129340515522222859e+03,1.829806820404820655e+03,4.547801666739656525e+02,1.320200742311562180e+03,1.020545932332298321e+03,1.374579572087407314e+03,1.312850715047221229e+03,8.800255678103903847e+02,1.102176483145961583e+03,1.086004143638503820e+03,6.547213147591882034e+02,1.088624820587882823e+03,7.609947437400602439e+02,1.584970031262421116e+03,1.034896130053639808e+03,6.462275141155782876e+02,1.306809856099960598e+03,1.147441066024743577e+03,8.823264701911645602e+01,1.827972100443548925e+03,9.185205495795943307e+02
1.509471430667039840e+03,1.405569279687059861e+03,7.402229393905595316e+02,4.115458662166344652e+02,1.788515585618420118e+03,1.865314986805177568e+02,1.082719723658897692e+03,1.228684255616551809e+03,5.975491611574733497e+02,1.796018374070822347e+03,1.521529822251276073e+03,4.141328289329402992e+02,6.706153890271233422e+02,1.418600014098406746e+03,3.928612986793175992e+02,9.640752045354138318e+02,1.392224479026281188e+03,1.149895647439366485e+03,1.087386775715062640e+03,1.475917680631274152e+03,1.581304840946235799e+03,9.544726292565962922e+02,1.491351735842353264e+03,9.999900000000000000e+04,4.178133554591092889e+02,3.511253337485063639e+02,1.064451501948303985e+03,8.509242034400008379e+02,1.074690653164900368e+03,1.122440644310424204e+03,7.784349683820736345e+02,6.292098219195247566e+02,5.679269319199433994e+02,9.406832623152173483e+02,1.491853209937224392e+03,9.167562380480429738e+02,1.569727683389701724e+03,5.700877125495690052e+02,1.334179897914820231e+03,1.488683982583274883e+03,9.073180258321775682e+02,1.216760042078963124e+03,1.418220363695289734e+03,4.224736678184807488e+02,1.089286922715957417e+03
1.124348700359457098e+03,9.916314839697255366e+02,5.892384916143886358e+02,4.793349559546017531e+02,1.393879478290716406e+03,3.399911763560930922e+02,7.126696289305444907e+02,8.777590785631327890e+02,2.261083810919002701e+02,1.470238756120923426e+03,1.212360095021277175e+03,4.996098477812461738e+02,7.194671639484320167e+02,1.039854797555889490e+03,4.913857954804961423e+02,7.272723011362387524e+02,1.034120399179902051e+03,8.722224486906995935e+02,7.967898091717789839e+02,1.397541054853130163e+03,1.164096645472359342e+03,7.283199846221439202e+02,1.129340515522222859e+03,4.178133554591092889e+02,9.999900000000000000e+04,7.668304897433330325e+02,6.813552670963952096e+02,9.302042786399125589e+02,1.002672429061455773e+03,8.213531518171705557e+02,5.034411584286688139e+02,2.511991242022949393e+02,1.838069639594756950e+02,5.701306867727784038e+02,1.271208086821351117e+03,8.839513561277000235e+02,1.152684258589488991e+03,5.328864794681884405e+02,9.421358713051955647e+02,1.266101101808224485e+03,6.117336021504785322e+02,8.488044533342175555e+02,1.065713376100722598e+03,6.986873406610427537e+02,9.770005117705926523e+02
1.826871916692574359e+03,1.756528963609766379e+03,9.601650899715110654e+02,5.892070943225310202e+02,2.136550724883451039e+03,4.695881173965116204e+02,1.396662092275722898e+03,1.527781397975508753e+03,9.468991498570478598e+02,2.117530873446713031e+03,1.838600010877841896e+03,6.452480143324735309e+02,8.544904914626025629e+02,1.732473665023512012e+03,5.575957316909805286e+02,1.265278625441843133e+03,1.692559009311049067e+03,1.460889112835056949e+03,1.355426501142721463e+03,1.667076482948517878e+03,1.930921023760422941e+03,1.193477691454683281e+03,1.829806820404820655e+03,3.511253337485063639e+02,7.668304897433330325e+02,9.999900000000000000e+04,1.411553045407787749e+03,9.815890178684763896e+02,1.285280125108919492e+03,1.395060572161653454e+03,1.058229653714164215e+03,9.788002860645270857e+02,9.044976506326592016e+02,1.258433947412417865e+03,1.766732860395141870e+03,1.117472594742260299e+03,1.915083810176463203e+03,7.580164905857919848e+02,1.658271690646620300e+03,1.764663423999035558e+03,1.187890988264495491e+03,1.526665647743473755e+03,1.753803295697667409e+03,3.858406406795427301e+02,1.322552456426587241e+03
9.384481871685831038e+02,4.260187789288166869e+02,1.082807923872004267e+03,1.135447488878283593e+03,7.252068670386402118e+02,1.020855033782955843e+03,7.436188539836789460e+02,9.024466743248600551e+02,4.684655803791779363e+02,8.249660599079212489e+02,6.082269313340210601e+02,8.958152711357403177e+02,9.379509582062379422e+02,9.058371818378841454e+02,1.154263834658263931e+03,4.653815638806505035e+02,9.834886882928547038e+02,4.209904987051370426e+02,1.008791851672088001e+03,1.183689993199232958e+03,6.290071541723511928e+02,1.080141194474129861e+03,4.547801666739656525e+02,1.064451501948303985e+03,6.813552670963952096e+02,1.411553045407787749e+03,9.999900000000000000e+04,1.096140958088876459e+03,9.093519670622591775e+02,1.001345095359237234e+03,8.800090908621342578e+02,4.378173134995919895e+02,6.477237065292576972e+02,6.861384699898410418e+02,8.244786231310063158e+02,9.046949762212676660e+02,6.985842826746104492e+02,1.131882060993988944e+03,7.728939125132245636e+02,8.166474147390659937e+02,8.939244934556833186e+02,8.246562920392956357e+02,4.037078151336681913e+02,1.379117471428739464e+03,8.234955980453082702e+02
1.935479268811732936e+03,1.521695436018653481e+03,1.495465813718254140e+03,1.241960546877395700e+03,1.704540993933557502e+03,1.001603714050621875e+03,1.582805736658797969e+03,1.760353657649507568e+03,8.711859732571456334e+02,1.451686605297438064e+03,1.181941199891094357e+03,4.585302607244150295e+02,2.107534104113145759e+02,1.870910473539554459e+03,1.230357671573595781e+03,6.714499236726444451e+02,1.899801305400120100e+03,8.481910162221714700e+02,1.720333107278936268e+03,7.004691285131700624e+02,1.724640542258009191e+03,1.657434764930433175e+03,1.320200742311562180e+03,8.509242034400008379e+02,9.302042786399125589e+02,9.815890178684763896e+02,1.096140958088876459e+03,9.999900000000000000e+04,3.798631332466998174e+02,1.740711636084506608e+03,1.433590248292726073e+03,8.893306471723551567e+02,1.100600290750461227e+03,1.452212450022378789e+03,9.504367417140396128e+02,2.407862122298533905e+02,1.789330880524896202e+03,1.375744162262737063e+03,1.749222684508750490e+03,9.520021008380181229e+02,1.537877108224191034e+03,1.711669652707554405e+03,1.232000405844089073e+03,1.256574709279157787e+03,4.636917079267215058e+02
1.827612650426780192e+03,1.313645690435590723e+03,1.591809661988517973e+03,1.412957890384564962e+03,1.409642507872119950e+03,1.183791366753449438e+03,1.536479742788690373e+03,1.714405144649303793e+03,8.603075031638396695e+02,1.094419480820768285e+03,8.377046018734766903e+02,6.630912456065152583e+02,4.312829697541974383e+02,1.779303796432750914e+03,1.409653858221939572e+03,4.440101350194610177e+02,1.832602793842680967e+03,5.587020672952625091e+02,1.729139092149616545e+03,4.042536332551632086e+02,1.511146915425498946e+03,1.710041519963769815e+03,1.020545932332298321e+03,1.074690653164900368e+03,1.002672429061455773e+03,1.285280125108919492e+03,9.093519670622591775e+02,3.798631332466998174e+02,9.999900000000000000e+04,1.740241649886589812e+03,1.478491460915483231e+03,8.654022186243804526e+02,1.137413293398666156e+03,1.424849816647354601e+03,5.726168003123904100e+02,1.685763921787389563e+02,1.601975343131098271e+03,1.516166217800673621e+03,1.649151296879701022e+03,5.746546789159556283e+02,1.560026281829892696e+03,1.651697611550007650e+03,9.348010483520009757e+02,1.497081160124593907e+03,1.024207010325549305e+02
5.360643618074233245e+02,9.524536734140931458e+02,4.654084227858365921e+02,8.184259282305271199e+02,1.423889391771706414e+03,9.457721712970835597e+02,2.698981289301576680e+02,2.086000958772550575e+02,8.860609459850942358e+02,1.767677855266620782e+03,1.597340289356028279e+03,1.320951550966196464e+03,1.531008817740773111e+03,4.391184350491334385e+02,8.517681609452187104e+02,1.351431833279059674e+03,3.420672448510672439e+02,1.397549641336578816e+03,4.517742799230607176e+01,2.099011672192415517e+03,9.918840658060800024e+02,2.464568927824904563e+02,1.374579572087407314e+03,1.122440644310424204e+03,8.213531518171705557e+02,1.395060572161653454e+03,1.001345095359237234e+03,1.740711636084506608e+03,1.740241649886589812e+03,9.999900000000000000e+04,3.440058139043583196e+02,8.768306563983720707e+02,6.420981233425309256e+02,3.241388591329339306e+02,1.818007975780084507e+03,1.655588415035572780e+03,8.750451416927014634e+02,6.682611764871576270e+02,4.568292897790158236e+02,1.810575875239698462e+03,2.162059203629724777e+02,2.752635101134910656e+02,1.360426403742591219e+03,1.103940668695559907e+03,1.686503187070810100e+03
7.934765276931636890e+02,9.830340787582086932e+02,2.246619682990425417e+02,4.987755006012224044e+02,1.455311994041140224e+03,6.027014186145573831e+02,3.766709439285169765e+02,4.743184584221870637e+02,6.212020605245928664e+02,1.699113003893502082e+03,1.486775033419649617e+03,9.973509913766566797e+02,1.222839318962225661e+03,6.946401946331640147e+02,5.317866113395484717e+02,1.132785946240506746e+03,6.381927608489460226e+02,1.221242400181061612e+03,3.098854627116283496e+02,1.858668878525704486e+03,1.086452023791202691e+03,2.315879962346926106e+02,1.312850715047221229e+03,7.784349683820736345e+02,5.034411584286688139e+02,1.058229653714164215e+03,8.800090908621342578e+02,1.433590248292726073e+03,1.478491460915483231e+03,3.440058139043583196e+02,9.999900000000000000e+04,6.216912416947820930e+02,3.418800959400824695e+02,2.759601420495358184e+02,1.644916107283286237e+03,1.374869084676791999e+03,1.008953913714595842e+03,3.763787985527346223e+02,6.498222833975455615e+02,1.638338487614815222e+03,1.300961183125768628e+02,4.882315024657872300e+02,1.277317501641623949e+03,7.951785962914243555e+02,1.438015646646447294e+03
1.055032226995934025e+03,7.892274703784707981e+02,7.698603769515613067e+02,7.262926407447620250e+02,1.159698667758137844e+03,5.861919480852667448e+02,6.948474652756531214e+02,8.732708629056622840e+02,3.224903099319419653e+01,1.219336294875207841e+03,9.638464608017192177e+02,5.440009191168705911e+02,6.879680225126746791e+02,9.850609118222080269e+02,7.403816583357531727e+02,5.164803965302071447e+02,1.010474146131408929e+03,6.360070754323413666e+02,8.641903725453090601e+02,1.237886101384129688e+03,9.767916871063143844e+02,8.523033497528916769e+02,8.800255678103903847e+02,6.292098219195247566e+02,2.511991242022949393e+02,9.788002860645270857e+02,4.378173134995919895e+02,8.893306471723551567e+02,8.654022186243804526e+02,8.768306563983720707e+02,6.216912416947820930e+02,9.999900000000000000e+04,2.927695339341168506e+02,5.694295391003174700e+02,1.048359194169632019e+03,7.801313991886238455e+02,9.916007260989676979e+02,7.585545464895718624e+02,8.678000921871349647e+02,1.042585727890037788e+03,6.952014096648539407e+02,8.224317600871211198e+02,8.149650299245973883e+02,9.484624399521575242e+02,8.184601395303255913e+02
9.483295840582006804e+02,8.883163850791000868e+02,4.772473153407989344e+02,4.949232263695047322e+02,1.323028722288371227e+03,4.430180583226828048e+02,5.308719242905957572e+02,6.941411960113014175e+02,2.861782661209617231e+02,1.467583387750079510e+03,1.227867256669058634e+03,6.810411147647402004e+02,8.902729918401433906e+02,8.613344298238635020e+02,5.174292222130482060e+02,8.091983687576242801e+02,8.513189766474138196e+02,9.218161421888856921e+02,6.199975806404409013e+02,1.521058841728353400e+03,1.043710687882422690e+03,5.730314127515174505e+02,1.102176483145961583e+03,5.679269319199433994e+02,1.838069639594756950e+02,9.044976506326592016e+02,6.477237065292576972e+02,1.100600290750461227e+03,1.137413293398666156e+03,6.420981233425309256e+02,3.418800959400824695e+02,2.927695339341168506e+02,9.999900000000000000e+04,3.877782871693565880e+02,1.338871539767725380e+03,1.033240049552861592e+03,1.013983234575404595e+03,4.862519922838363300e+02,7.691014237407183600e+02,1.332900971565404689e+03,4.374437106645837048e+02,6.670592177610620865e+02,1.049682809233341686e+03,7.644377018436492790e+02,1.099607657303276483e+03
5.695059262202632908e+02,7.166658914724489478e+02,4.987033186173919717e+02,7.441081910582627188e+02,1.192572429666223570e+03,7.889822558207504244e+02,1.433492239253495200e+02,3.108761811396942676e+02,5.832752352020442004e+02,1.478284478711726251e+03,1.290070540706980182e+03,1.058420048940872903e+03,1.245732716115298899e+03,4.779424651566336593e+02,7.754256895409127992e+02,1.028347217626420161e+03,4.640387914819191337e+02,1.074553395602098590e+03,3.250000000000000000e+02,1.777305826243755973e+03,8.110634993636441550e+02,4.104741161145243495e+02,1.086004143638503820e+03,9.406832623152173483e+02,5.701306867727784038e+02,1.258433947412417865e+03,6.861384699898410418e+02,1.452212450022378789e+03,1.424849816647354601e+03,3.241388591329339306e+02,2.759601420495358184e+02,5.694295391003174700e+02,3.877782871693565880e+02,9.999900000000000000e+04,1.496252986630269106e+03,1.348885836533247812e+03,7.339986376009154583e+02,6.445036850166180784e+02,4.013140914545613214e+02,1.488927466332728955e+03,2.241628872048181051e+02,2.794065138825507120e+02,1.062093216247990085e+03,1.042004318609092934e+03,1.367440309483379224e+03
1.732919501881146289e+03,1.099218358653092992e+03,1.815297220842911884e+03,1.743249838663408582e+03,1.004853223112709088e+03,1.547706690558647097e+03,1.566403524000121706e+03,1.726913141996435115e+03,1.061350554717902696e+03,5.629529287604781302e+02,3.774824499231719415e+02,1.121605991424796230e+03,9.533105475132434776e+02,1.714848098229111429e+03,1.749802846037232939e+03,5.453668490108286733e+02,1.802233336724187893e+03,4.244455206501771727e+02,1.821249021962674988e+03,5.173132513284383549e+02,1.261724613376468824e+03,1.865272098113302036e+03,6.547213147591882034e+02,1.491853209937224392e+03,1.271208086821351117e+03,1.766732860395141870e+03,8.244786231310063158e+02,9.504367417140396128e+02,5.726168003123904100e+02,1.818007975780084507e+03,1.644916107283286237e+03,1.048359194169632019e+03,1.338871539767725380e+03,1.496252986630269106e+03,9.999900000000000000e+04,7.185234860462112465e+02,1.391628183100644264e+03,1.801506591717055016e+03,1.583114019898756396e+03,8.602325267042626677e+00,1.686773250914301116e+03,1.648683414121704573e+03,5.947814724753958444e+02,1.900754060892676307e+03,4.883646178829911833e+02
