9.999900000000000000e+04,3.701094432732026576e+02,2.780017985553330959e+02,4.821379470649453083e+02,1.735885940953494924e+02,3.507705802943000322e+02,4.163940441456866211e+02,3.648150216205467586e+02,4.525174029802610676e+02,2.032461561752152761e+02,2.729853475921372592e+02,3.879304061297593194e+02,1.120580206857144105e+02,1.647847080283847276e+02,7.184010022264723716e+01,3.295390720385065606e+02,2.928378390850472215e+02,3.618632338328943661e+02,3.944426447533278406e+02,3.530736467084452102e+02,3.229133010577297114e+02,4.444434722211588564e+02,2.552821967940576826e+02,3.096901677483481308e+02,3.966270288318737585e+02,2.273169593321184720e+02,2.445240274492468018e+02,1.886080592127494526e+02,1.122007130102121977e+02,2.306707610426601036e+02,2.630779352207250668e+02,1.964306493396587996e+02,9.047651629014016805e+01,2.944503353708397526e+02,1.471359915180510711e+02,3.975172952212268456e+02,1.885338165953259306e+02,2.741915388920672285e+02,4.996048438516183978e+02,1.644536408839889532e+02,3.551056180912940619e+01,4.091576713199937103e+02,4.366062299143245014e+02,1.311030129325790767e+02,2.604611295375952977e+02
3.701094432732026576e+02,9.999900000000000000e+04,4.582597516692907220e+02,1.240161279834199632e+02,3.004330208216134110e+02,2.109502310972898798e+01,3.376758800980608726e+02,4.190429572251513264e+02,3.496927222576986765e+02,1.690976049505137269e+02,1.079351657246145209e+02,4.224133047147071238e+02,2.720661684223159682e+02,3.181901946949340072e+02,3.462831211595506034e+02,3.212117681530363598e+02,3.350895402724471523e+02,3.624913792078371699e+01,2.489738942138311870e+02,2.589246994784390949e+02,4.055712021334848032e+02,3.874906450483675826e+02,1.190378091196238444e+02,4.125687821442625705e+02,4.088251459976502247e+02,4.525925319755066312e+02,1.280820049811838430e+02,2.824499955744379349e+02,3.323040776156681204e+02,2.432817296880306230e+02,1.370000000000000000e+02,1.830956034425731502e+02,2.820230487034703515e+02,4.481785358537376283e+02,3.543585754571208213e+02,3.381198012539342699e+02,4.189606186743570220e+02,1.125788612484599582e+02,1.426113599963200613e+02,3.217949657779002450e+02,3.605551275463989214e+02,5.382378656319155397e+01,3.364312708414602753e+02,2.648490135907626950e+02,4.447977068286211306e+02
2.780017985553330959e+02,4.582597516692907220e+02,9.999900000000000000e+04,5.813037071961609854e+02,4.284320249467819508e+02,4.378641341786285466e+02,2.630304164920855783e+02,1.375681649219760345e+02,2.976726389845059089e+02,3.240246904172581708e+02,4.136568626289185318e+02,1.630490723677997380e+02,3.382809483255006171e+02,1.580284784461332492e+02,3.440610410959078536e+02,1.869037185290865182e+02,1.457840869230932128e+02,4.727155592954393342e+02,3.078473647767672787e+02,2.605839595984372750e+02,1.018331969448077388e+02,2.594706149065824548e+02,3.536382332271215319e+02,8.139410298049853054e+01,1.840978000954927154e+02,5.860034129593444874e+01,3.505837988270421874e+02,4.356145084819834210e+02,1.850837648201483887e+02,2.149790687485644582e+02,3.222995501082804708e+02,3.005361875049325704e+02,3.073580973392436704e+02,2.915475947422650194e+01,1.431362986806631170e+02,2.410000000000000000e+02,8.998888820293313984e+01,4.212362757408245670e+02,5.997332740477220341e+02,1.550806241927082283e+02,3.117081968765018019e+02,5.114968230595376895e+02,2.880624932197873136e+02,2.381197177891826868e+02,1.802775637731994607e+01
4.821379470649453083e+02,1.240161279834199632e+02,5.813037071961609854e+02,9.999900000000000000e+04,3.826329834188370000e+02,1.450000000000000000e+02,4.370320354390510715e+02,5.337312057581044655e+02,4.416163493350308613e+02,2.876838542567170407e+02,2.093083849252103050e+02,5.343416510061704230e+02,3.765634076752546093e+02,4.420916194636582190e+02,4.483079298874826009e+02,4.352528001058694826e+02,4.538777368411012958e+02,1.209049213225003570e+02,3.455083211733112307e+02,3.663140728937396489e+02,5.240038167799925759e+02,4.861409260697971604e+02,2.405036382261191363e+02,5.324143123545796925e+02,5.184226075317317282e+02,5.766003815468734501e+02,2.482438317461281940e+02,3.620082871979590209e+02,4.543676925134532212e+02,3.664560000873228773e+02,2.609693468589749727e+02,3.042367499169026814e+02,3.919706621674637290e+02,5.702245171859940456e+02,4.778807382600809319e+02,4.415891755919748789e+02,5.428848865091015341e+02,2.090598000573041872e+02,1.860107523773827509e+01,4.456949629511197486e+02,4.679529890918531123e+02,7.424957912338628319e+01,4.307690796703031424e+02,3.860116578550445752e+02,5.681769090697016509e+02
1.735885940953494924e+02,3.004330208216134110e+02,4.284320249467819508e+02,3.826329834188370000e+02,9.999900000000000000e+04,2.874665197896965765e+02,4.875910171444916728e+02,4.814654712437850321e+02,5.181245024123063558e+02,1.873232500251904185e+02,1.933132173442881765e+02,4.998849867719573581e+02,9.277930803794561143e+01,2.809430547281779695e+02,1.044030650891054961e+02,4.162030754331351545e+02,3.937118235461058475e+02,2.767417568781407908e+02,4.340046082704652690e+02,4.071584458168588867e+02,4.449224651554470711e+02,5.275992797569003869e+02,2.231815404552984035e+02,4.374254222150331088e+02,5.012404612558726740e+02,3.863935817272331406e+02,2.121626734371529324e+02,2.158703314492290204e+01,2.434625227832817700e+02,2.962330163908135319e+02,2.581414341015405398e+02,2.013752715702700300e+02,1.220368796716795714e+02,4.380730532685159346e+02,2.855065673500348566e+02,4.740938725611205200e+02,3.449115828730603539e+02,1.878776197422141081e+02,3.971523637094459218e+02,2.827083302628346928e+02,1.403566884761820006e+02,3.195950562821646486e+02,5.014957626939633428e+02,2.049414550548521845e+02,4.104107698391941312e+02
3.507705802943000322e+02,2.109502310972898798e+01,4.378641341786285466e+02,1.450000000000000000e+02,2.874665197896965765e+02,9.999900000000000000e+04,3.242344830520036112e+02,4.012605138809449272e+02,3.380236678104064367e+02,1.489328707841220591e+02,9.415412895885128819e+01,4.053763683294822044e+02,2.545682619652340009e+02,2.971363323459452204e+02,3.289513641862577629e+02,3.038486465331053523e+02,3.162435770098738317e+02,4.410215414239988974e+01,2.370337528707673300e+02,2.438298587129968382e+02,3.867311727802660357e+02,3.739652390263030952e+02,9.835141076771598989e+01,3.932886980323741568e+02,3.924398043012456583e+02,4.316676962664683970e+02,1.077032961426900783e+02,2.702239811711758648e+02,3.113149530620075893e+02,2.229282395749807222e+02,1.161808934377765894e+02,1.623360711610330895e+02,2.633210967621090504e+02,4.281553456398740423e+02,3.332641594891355794e+02,3.236108774438832256e+02,3.979158202434278451e+02,1.001848291908510475e+02,1.636001222493430873e+02,3.007407521437691571e+02,3.421184005574678508e+02,7.366138744281158779e+01,3.242606975876046818e+02,2.440081965836393749e+02,4.242640687119285303e+02
4.163940441456866211e+02,3.376758800980608726e+02,2.630304164920855783e+02,4.370320354390510715e+02,4.875910171444916728e+02,3.242344830520036112e+02,9.999900000000000000e+04,1.391761473816544594e+02,3.757658845611187104e+01,3.072344381738479342e+02,3.613377921004112068e+02,1.238789731956154014e+02,4.019664165076480344e+02,2.546095049286259382e+02,4.522267130544148017e+02,9.035485598461214352e+01,1.350037036528998442e+02,3.682892884676392669e+02,9.154780172128657512e+01,8.532877591996735589e+01,1.622498073958795146e+02,4.981967482832460092e+01,2.951694428629088520e+02,1.820439507371777381e+02,1.003444069193694475e+02,3.023325983085515531e+02,3.013171087077532775e+02,4.826437609666160142e+02,3.072344381738479342e+02,1.942498391247725067e+02,2.498519561660464490e+02,2.884805019407723989e+02,3.822381456631454739e+02,2.361037907361929626e+02,2.852034361644333558e+02,2.236067977499789805e+01,3.001283058959950836e+02,3.715171597651984712e+02,4.527261865631366504e+02,2.558612905462645415e+02,4.363312961500698748e+02,3.869082578596636495e+02,2.507987240796890660e+01,2.970589167151863421e+02,2.629220416777566243e+02
3.648150216205467586e+02,4.190429572251513264e+02,1.375681649219760345e+02,5.337312057581044655e+02,4.814654712437850321e+02,4.012605138809449272e+02,1.391761473816544594e+02,9.999900000000000000e+04,1.688608894919128431e+02,3.300257565706046421e+02,4.077462446178995492e+02,2.607680962081059661e+01,3.889588667198627832e+02,2.050560898876207432e+02,4.185606288221576392e+02,9.847842403288143487e+01,9.234717104492156636e+01,4.426341604530766176e+02,2.092008604188806942e+02,1.718982257034667498e+02,4.318564576337836769e+01,1.242577965360725329e+02,3.400661700316572364e+02,6.140032573203500732e+01,4.687216658103186262e+01,1.889153249474483403e+02,3.416343074107165876e+02,4.827059146105421519e+02,2.540492078318686708e+02,2.000024999843751914e+02,2.980805260328154986e+02,3.065893018355337176e+02,3.618894858931383851e+02,1.084665847162157064e+02,2.179747691821234525e+02,1.197747886660627756e+02,2.020717694285869186e+02,4.171390655404981089e+02,5.511125111989383640e+02,2.042669821581549741e+02,3.931373805681673161e+02,4.723600321788455290e+02,1.627421273057471183e+02,2.765248632582611208e+02,1.435618333680647822e+02
4.525174029802610676e+02,3.496927222576986765e+02,2.976726389845059089e+02,4.416163493350308613e+02,5.181245024123063558e+02,3.380236678104064367e+02,3.757658845611187104e+01,1.688608894919128431e+02,9.999900000000000000e+04,3.351074454559313267e+02,3.830992038623938356e+02,1.501532550429726882e+02,4.341946568072896184e+02,2.915647440964013413e+02,4.865644869901624929e+02,1.279062156425558499e+02,1.725398504693915527e+02,3.820641307424710362e+02,1.010000000000000000e+02,1.113597772986278898e+02,1.961249601657065966e+02,5.420332093147060704e+01,3.186800903727749414e+02,2.163330765278393528e+02,1.256861169739920001e+02,3.386930763980864185e+02,3.257299494980466079e+02,5.122352974952038949e+02,3.440130811466331693e+02,2.277827912727385922e+02,2.738795355626265291e+02,3.175925062088209643e+02,4.155791140083919117e+02,2.701499583564654472e+02,3.226220699208285509e+02,5.946427498927402411e+01,3.374151745253909098e+02,3.932950546345580278e+02,4.564219538979254480e+02,2.928975930252756257e+02,4.716831563666440843e+02,3.965576881110741851e+02,1.664331697709323876e+01,3.313608305156178062e+02,2.984292210893564743e+02
2.032461561752152761e+02,1.690976049505137269e+02,3.240246904172581708e+02,2.876838542567170407e+02,1.873232500251904185e+02,1.489328707841220591e+02,3.072344381738479342e+02,3.300257565706046421e+02,3.351074454559313267e+02,9.999900000000000000e+04,9.090654541890809526e+01,3.430233228222244293e+02,1.203411816461846087e+02,1.684428686528462151e+02,1.922758435165478659e+02,2.474772716836841084e+02,2.376825614133270790e+02,1.672961446059053685e+02,2.471639132235933971e+02,2.237856116911898425e+02,3.020496647904115548e+02,3.509601116936225367e+02,5.203844732503075221e+01,3.014780257332199085e+02,3.385911989405512941e+02,3.043846251044884639e+02,4.143669871020131978e+01,1.786169084941288645e+02,1.688075827680735301e+02,1.301383878799795184e+02,7.220110802473878664e+01,2.404163056034261459e+01,1.198540779448075284e+02,3.219720484762613637e+02,1.980101007524616250e+02,2.964472971710148954e+02,2.661766330841232957e+02,9.765244492586961655e+01,3.059411708155670908e+02,1.718196729132028224e+02,1.985799587068141250e+02,2.134408583191137723e+02,3.186283101044224395e+02,9.962429422585637440e+01,3.078652302550581794e+02
2.729853475921372592e+02,1.079351657246145209e+02,4.136568626289185318e+02,2.093083849252103050e+02,1.933132173442881765e+02,9.415412895885128819e+01,3.613377921004112068e+02,4.077462446178995492e+02,3.830992038623938356e+02,9.090654541890809526e+01,9.999900000000000000e+04,4.176278247435149069e+02,1.680773631397161125e+02,2.592006944435141804e+02,2.412509067340473337e+02,3.175169286825507129e+02,3.162672920173693569e+02,9.035485598461214352e+01,2.853383955937230780e+02,2.761014306373655813e+02,3.840026041578364016e+02,4.089608783245654422e+02,6.826419266350404769e+01,3.856591759572174283e+02,4.097657867611692382e+02,3.952847075210474372e+02,6.621933252457321828e+01,1.762044267321340669e+02,2.579457307264456176e+02,2.099904759745070066e+02,1.130000000000000000e+02,1.134636505670428335e+02,1.826937327879640236e+02,4.101146181252260590e+02,2.887213189218974208e+02,3.550281678965769174e+02,3.570126048194937312e+02,1.019803902718556898e+01,2.266450970129289999e+02,2.626061690059850662e+02,2.589401475244810058e+02,1.373207923076472809e+02,3.675268697660077351e+02,1.889576672167604841e+02,3.978253385595241411e+02
3.879304061297593194e+02,4.224133047147071238e+02,1.630490723677997380e+02,5.343416510061704230e+02,4.998849867719573581e+02,4.053763683294822044e+02,1.238789731956154014e+02,2.607680962081059661e+01,1.501532550429726882e+02,3.430233228222244293e+02,4.176278247435149069e+02,9.999900000000000000e+04,4.077511495998509190e+02,2.264332131115044717e+02,4.400511333924729342e+02,1.018331969448077388e+02,1.069205312369892766e+02,4.475991510268981983e+02,2.015564437074637283e+02,1.689289791598824593e+02,6.868041933477110206e+01,1.021763181955584088e+02,3.495153787746685339e+02,8.741853350405736478e+01,2.451530134426252516e+01,2.149534833400007869e+02,3.518891871029856020e+02,5.002969118433572930e+02,2.765375200583096102e+02,2.130093894644083434e+02,3.063396807467161693e+02,3.200140621910230720e+02,3.814341358609635222e+02,1.338992158304147893e+02,2.415719354560872887e+02,1.067801479676817138e+02,2.279056822459677107e+02,4.272341278502923956e+02,5.513846207503434016e+02,2.258871399615303517e+02,4.155394084801103531e+02,4.752136361679870902e+02,1.459623239058627746e+02,2.952185631019838183e+02,1.694992625352688549e+02
1.120580206857144105e+02,2.720661684223159682e+02,3.382809483255006171e+02,3.765634076752546093e+02,9.277930803794561143e+01,2.545682619652340009e+02,4.019664165076480344e+02,3.889588667198627832e+02,4.341946568072896184e+02,1.203411816461846087e+02,1.680773631397161125e+02,4.077511495998509190e+02,9.999900000000000000e+04,1.883215335536539214e+02,7.443117626371358142e+01,3.266573127912491827e+02,3.020347662107791393e+02,2.584143958838207027e+02,3.563930414584437472e+02,3.246937018175745493e+02,3.521647341799005062e+02,4.397647098165108446e+02,1.682914139223983057e+02,3.446810119516304098e+02,4.098316727633431924e+02,2.994461554269815906e+02,1.566045976336582441e+02,9.741663102366042892e+01,1.533949151699625304e+02,2.082546518087891343e+02,1.916376789673680037e+02,1.260158720161869184e+02,3.132091952673165025e+01,3.465775526487541924e+02,1.951665955024066079e+02,3.871188448009215790e+02,2.576897359228729556e+02,1.675291019494821967e+02,3.934285195559671138e+02,1.901683464722770225e+02,9.176055797563569172e+01,3.053735417484625714e+02,4.175667611292833499e+02,1.125388821696750341e+02,3.203201523476161015e+02
1.647847080283847276e+02,3.181901946949340072e+02,1.580284784461332492e+02,4.420916194636582190e+02,2.809430547281779695e+02,2.971363323459452204e+02,2.546095049286259382e+02,2.050560898876207432e+02,2.915647440964013413e+02,1.684428686528462151e+02,2.592006944435141804e+02,2.264332131115044717e+02,1.883215335536539214e+02,9.999900000000000000e+04,2.136375435170513413e+02,1.658493292117879037e+02,1.280624847486569706e+02,3.267124117630060027e+02,2.479455585405796398e+02,2.014671189052943134e+02,1.656773973721219591e+02,2.800285699709942264e+02,2.045018337326098390e+02,1.566971601529523639e+02,2.330772404161332929e+02,1.365613415282670644e+02,1.994241710525582221e+02,2.850070174574653947e+02,5.303772242470447651e+01,9.226592003551473908e+01,1.821318203939113971e+02,1.458663772087316772e+02,1.592607924129476373e+02,1.610124218810461798e+02,4.031128874149274566e+01,2.347296317042226406e+02,1.008017856984686489e+02,2.660920893224749761e+02,4.606918709940517260e+02,3.605551275463989125e+00,1.898552079875608740e+02,3.692424677633925967e+02,2.762408369521059512e+02,8.080841540334769491e+01,1.410319112825179104e+02
7.184010022264723716e+01,3.462831211595506034e+02,3.440610410959078536e+02,4.483079298874826009e+02,1.044030650891054961e+02,3.289513641862577629e+02,4.522267130544148017e+02,4.185606288221576392e+02,4.865644869901624929e+02,1.922758435165478659e+02,2.412509067340473337e+02,4.400511333924729342e+02,7.443117626371358142e+01,2.136375435170513413e+02,9.999900000000000000e+04,3.703039292257104762e+02,3.388819853577348340e+02,3.315448687583627816e+02,4.166773331968034881e+02,3.805180679021693777e+02,3.783120405168199341e+02,4.855687386972106196e+02,2.418139780905975726e+02,3.672397037358569492e+02,4.458901209939506884e+02,2.961080883731479503e+02,2.301847084408519208e+02,1.216963434126103891e+02,1.658010856418015067e+02,2.589401475244810058e+02,2.616963889701193580e+02,1.941648783894760015e+02,7.529276193632426839e+01,3.580949594730425929e+02,2.059757267252624615e+02,4.352849641326931760e+02,2.560312480928841410e+02,2.399208202720222403e+02,4.647687597074485097e+02,2.143081892975627625e+02,3.676955262170046979e+01,3.781917503066400741e+02,4.701340234443791246e+02,1.552191998433183642e+02,3.262039239494215508e+02
3.295390720385065606e+02,3.212117681530363598e+02,1.869037185290865182e+02,4.352528001058694826e+02,4.162030754331351545e+02,3.038486465331053523e+02,9.035485598461214352e+01,9.847842403288143487e+01,1.279062156425558499e+02,2.474772716836841084e+02,3.175169286825507129e+02,1.018331969448077388e+02,3.266573127912491827e+02,1.658493292117879037e+02,3.703039292257104762e+02,9.999900000000000000e+04,4.589117562233506220e+01,3.458569068270865046e+02,1.218400590938793044e+02,7.738862965578341857e+01,9.656603957913982583e+01,1.154209686322203794e+02,2.492568955916766527e+02,1.118928058455949213e+02,9.226592003551473908e+01,2.181857007230308909e+02,2.523885892824792450e+02,4.139625586934161561e+02,2.188264152244879313e+02,1.206026533704793735e+02,2.053533540023147452e+02,2.255770378385176116e+02,3.038321905262837959e+02,1.635145253486674051e+02,1.950410213262840671e+02,6.933974329343885756e+01,2.117474911303555416e+02,3.272873355325561420e+02,4.526422428364369921e+02,1.668322510787407680e+02,3.515920931989227824e+02,3.743180465860549475e+02,1.138463877336474894e+02,2.168132837258824281e+02,1.830956034425731502e+02
2.928378390850472215e+02,3.350895402724471523e+02,1.457840869230932128e+02,4.538777368411012958e+02,3.937118235461058475e+02,3.162435770098738317e+02,1.350037036528998442e+02,9.234717104492156636e+01,1.725398504693915527e+02,2.376825614133270790e+02,3.162672920173693569e+02,1.069205312369892766e+02,3.020347662107791393e+02,1.280624847486569706e+02,3.388819853577348340e+02,4.589117562233506220e+01,9.999900000000000000e+04,3.560631966379002051e+02,1.625945878558077879e+02,1.148433715980160486e+02,7.049113419430842953e+01,1.531535177526131690e+02,2.490401574043832795e+02,7.920858539325141123e+01,1.079120011861516701e+02,1.730000000000000000e+02,2.500599928017274749e+02,3.936356183070835755e+02,1.808120571200936126e+02,1.076707945545123266e+02,2.083554654910688839e+02,2.142825237857721277e+02,2.767020057751660147e+02,1.252397700413091570e+02,1.530522786501396695e+02,1.132166065557522359e+02,1.658945448168805683e+02,3.255226566615601769e+02,4.718018651934305581e+02,1.284250754331100381e+02,3.173089976663126208e+02,3.888701582790841940e+02,1.590880259479009453e+02,1.897630100941698288e+02,1.400357097314824273e+02
3.618632338328943661e+02,3.624913792078371699e+01,4.727155592954393342e+02,1.209049213225003570e+02,2.767417568781407908e+02,4.410215414239988974e+01,3.682892884676392669e+02,4.426341604530766176e+02,3.820641307424710362e+02,1.672961446059053685e+02,9.035485598461214352e+01,4.475991510268981983e+02,2.584143958838207027e+02,3.267124117630060027e+02,3.315448687583627816e+02,3.458569068270865046e+02,3.560631966379002051e+02,9.999900000000000000e+04,2.810871750898642745e+02,2.875065216651615287e+02,4.264199807701323266e+02,4.180011961705372983e+02,1.224418229201117327e+02,4.320057869982762213e+02,4.352470562795342062e+02,4.627591166038762935e+02,1.289689885204966515e+02,2.576897359228729556e+02,3.351715978420605779e+02,2.588049458569136618e+02,1.508011936292282940e+02,1.850027026829608303e+02,2.720386002022507341e+02,4.646052087525494017e+02,3.608268282708479546e+02,3.674411517508619909e+02,4.272633848108213215e+02,9.202173656261872736e+01,1.389244398944980503e+02,3.302877533303346809e+02,3.490472747350994496e+02,4.729693436154187225e+01,3.683476618630828057e+02,2.663400082601185090e+02,4.584157501657202261e+02
3.944426447533278406e+02,2.489738942138311870e+02,3.078473647767672787e+02,3.455083211733112307e+02,4.340046082704652690e+02,2.370337528707673300e+02,9.154780172128657512e+01,2.092008604188806942e+02,1.010000000000000000e+02,2.471639132235933971e+02,2.853383955937230780e+02,2.015564437074637283e+02,3.563930414584437472e+02,2.479455585405796398e+02,4.166773331968034881e+02,1.218400590938793044e+02,1.625945878558077879e+02,2.810871750898642745e+02,9.999900000000000000e+04,4.901020301937138157e+01,2.173752515812230115e+02,1.407302383995706805e+02,2.234860174597059768e+02,2.336172082702813100e+02,1.812898232113429913e+02,3.337364229448143647e+02,2.316916053723138305e+02,4.257722395835594966e+02,2.955300323148224493e+02,1.641279988301813262e+02,1.802470526804807491e+02,2.330321866180721315e+02,3.424280946417802056e+02,2.852437554092990126e+02,2.855906160923358925e+02,9.847334664770970392e+01,3.200562450570212150e+02,2.954894245146516027e+02,3.611786261671639977e+02,2.503197954617253060e+02,4.077106817339962959e+02,2.967709554521803170e+02,8.746427842267951291e+01,2.651584431995330533e+02,3.026301372963373524e+02
3.530736467084452102e+02,2.589246994784390949e+02,2.605839595984372750e+02,3.663140728937396489e+02,4.071584458168588867e+02,2.438298587129968382e+02,8.532877591996735589e+01,1.718982257034667498e+02,1.113597772986278898e+02,2.237856116911898425e+02,2.761014306373655813e+02,1.689289791598824593e+02,3.246937018175745493e+02,2.014671189052943134e+02,3.805180679021693777e+02,7.738862965578341857e+01,1.148433715980160486e+02,2.875065216651615287e+02,4.901020301937138157e+01,9.999900000000000000e+04,1.739482681718907031e+02,1.331352695569434843e+02,2.098475637218597853e+02,1.887670522098599690e+02,1.521183749584513407e+02,2.849175319281002317e+02,2.161041415614240293e+02,4.009588507565333657e+02,2.505992817228333536e+02,1.228006514640700146e+02,1.645509039780699538e+02,2.063055985667863581e+02,3.077742679302478450e+02,2.390020920410530607e+02,2.382099913941478633e+02,8.030566605165540750e+01,2.710903908293320796e+02,2.862725973613262340e+02,3.830822366020121308e+02,2.036516633862831895e+02,3.687302537085884637e+02,3.102466760498813301e+02,9.484724561103500662e+01,2.263735850314696165e+02,2.546625217812782012e+02
3.229133010577297114e+02,4.055712021334848032e+02,1.018331969448077388e+02,5.240038167799925759e+02,4.449224651554470711e+02,3.867311727802660357e+02,1.622498073958795146e+02,4.318564576337836769e+01,1.961249601657065966e+02,3.020496647904115548e+02,3.840026041578364016e+02,6.868041933477110206e+01,3.521647341799005062e+02,1.656773973721219591e+02,3.783120405168199341e+02,9.656603957913982583e+01,7.049113419430842953e+01,4.264199807701323266e+02,2.173752515812230115e+02,1.739482681718907031e+02,9.999900000000000000e+04,1.581423409463765211e+02,3.175688901640083373e+02,2.061552812808830382e+01,8.547514258543240828e+01,1.486472334084963620e+02,3.178443015062563859e+02,4.472694937059758900e+02,2.130023474049053789e+02,1.740402252354322741e+02,2.780017985553330959e+02,2.781726082848560964e+02,3.241805052744535374e+02,7.402702209328698757e+01,1.758237754116319707e+02,1.406022759417499515e+02,1.592984620139190213e+02,3.930012722625717174e+02,5.418505328962960448e+02,1.645600194457936993e+02,3.519204455555261006e+02,4.593440976000453588e+02,1.871309701786425421e+02,2.404100663449848128e+02,1.046947945219818479e+02
4.444434722211588564e+02,3.874906450483675826e+02,2.594706149065824548e+02,4.861409260697971604e+02,5.275992797569003869e+02,3.739652390263030952e+02,4.981967482832460092e+01,1.242577965360725329e+02,5.420332093147060704e+01,3.509601116936225367e+02,4.089608783245654422e+02,1.021763181955584088e+02,4.397647098165108446e+02,2.800285699709942264e+02,4.855687386972106196e+02,1.154209686322203794e+02,1.531535177526131690e+02,4.180011961705372983e+02,1.407302383995706805e+02,1.331352695569434843e+02,1.581423409463765211e+02,9.999900000000000000e+04,3.421067084989711020e+02,1.787568180517878886e+02,7.800640999302557077e+01,3.058120337723811417e+02,3.477038970158372990e+02,5.238597140456594161e+02,3.330540496676177895e+02,2.316570741419307353e+02,2.967086112670139642e+02,3.310906220357200027e+02,4.181148167668780502e+02,2.308527669316527806e+02,3.061388573833775695e+02,5.457105459856901319e+01,3.103691350633951060e+02,4.191097708238260680e+02,5.016423028413772158e+02,2.807222826923434695e+02,4.669785862328164399e+02,4.366829513502902955e+02,5.800862004909270553e+01,3.314845396093157319e+02,2.627736668694182640e+02
2.552821967940576826e+02,1.190378091196238444e+02,3.536382332271215319e+02,2.405036382261191363e+02,2.231815404552984035e+02,9.835141076771598989e+01,2.951694428629088520e+02,3.400661700316572364e+02,3.186800903727749414e+02,5.203844732503075221e+01,6.826419266350404769e+01,3.495153787746685339e+02,1.682914139223983057e+02,2.045018337326098390e+02,2.418139780905975726e+02,2.492568955916766527e+02,2.490401574043832795e+02,1.224418229201117327e+02,2.234860174597059768e+02,2.098475637218597853e+02,3.175688901640083373e+02,3.421067084989711020e+02,9.999900000000000000e+04,3.202577087284550998e+02,3.415025622158639180e+02,3.408372045419924348e+02,1.170469991071962568e+01,2.107605276136876569e+02,2.138878210651555491e+02,1.441804425017484732e+02,4.539823785126466760e+01,6.407807737440317908e+01,1.710584695360039689e+02,3.478074179772478374e+02,2.384030201150983714e+02,2.878975512226527940e+02,3.048967038195067403e+02,7.810249675906653977e+01,2.589903473104740783e+02,2.080624906127964380e+02,2.500599928017274749e+02,1.665322791533220936e+02,3.027606315226601623e+02,1.459075049474837726e+02,3.386340207362515002e+02
3.096901677483481308e+02,4.125687821442625705e+02,8.139410298049853054e+01,5.324143123545796925e+02,4.374254222150331088e+02,3.932886980323741568e+02,1.820439507371777381e+02,6.140032573203500732e+01,2.163330765278393528e+02,3.014780257332199085e+02,3.856591759572174283e+02,8.741853350405736478e+01,3.446810119516304098e+02,1.566971601529523639e+02,3.672397037358569492e+02,1.118928058455949213e+02,7.920858539325141123e+01,4.320057869982762213e+02,2.336172082702813100e+02,1.887670522098599690e+02,2.061552812808830382e+01,1.787568180517878886e+02,3.202577087284550998e+02,9.999900000000000000e+04,1.055509355714102639e+02,1.283783470839222218e+02,3.197811751807789165e+02,4.407096549884061574e+02,2.014571914824586258e+02,1.760823670899502531e+02,2.822941728056036368e+02,2.774617090699183564e+02,3.159398676963703565e+02,5.408326913195983821e+01,1.626929623554749753e+02,1.601998751560062999e+02,1.408580846100073813e+02,3.943919370372573781e+02,5.504334655523771289e+02,1.551934276958918133e+02,3.396660124298573464e+02,4.663925385337977332e+02,2.070096616102736391e+02,2.340769104375739289e+02,8.411896337925236367e+01
3.966270288318737585e+02,4.088251459976502247e+02,1.840978000954927154e+02,5.184226075317317282e+02,5.012404612558726740e+02,3.924398043012456583e+02,1.003444069193694475e+02,4.687216658103186262e+01,1.256861169739920001e+02,3.385911989405512941e+02,4.097657867611692382e+02,2.451530134426252516e+01,4.098316727633431924e+02,2.330772404161332929e+02,4.458901209939506884e+02,9.226592003551473908e+01,1.079120011861516701e+02,4.352470562795342062e+02,1.812898232113429913e+02,1.521183749584513407e+02,8.547514258543240828e+01,7.800640999302557077e+01,3.415025622158639180e+02,1.055509355714102639e+02,9.999900000000000000e+04,2.339273391461545373e+02,3.446403922931843340e+02,5.005956452067876512e+02,2.845698508275252721e+02,2.096187014557622774e+02,2.974373883693843936e+02,3.161550252645052979e+02,3.846101922726437579e+02,1.550806241927082283e+02,2.517538480341462446e+02,8.450443775329198104e+01,2.438893191593268739e+02,4.195473751556551179e+02,5.351971599326737987e+02,2.328991197922396736e+02,4.229160673230564385e+02,4.610910972898956288e+02,1.218523696938225385e+02,2.976592011008562508e+02,1.892326610286924051e+02
2.273169593321184720e+02,4.525925319755066312e+02,5.860034129593444874e+01,5.766003815468734501e+02,3.863935817272331406e+02,4.316676962664683970e+02,3.023325983085515531e+02,1.889153249474483403e+02,3.386930763980864185e+02,3.043846251044884639e+02,3.952847075210474372e+02,2.149534833400007869e+02,2.994461554269815906e+02,1.365613415282670644e+02,2.961080883731479503e+02,2.181857007230308909e+02,1.730000000000000000e+02,4.627591166038762935e+02,3.337364229448143647e+02,2.849175319281002317e+02,1.486472334084963620e+02,3.058120337723811417e+02,3.408372045419924348e+02,1.283783470839222218e+02,2.339273391461545373e+02,9.999900000000000000e+04,3.359657720661436429e+02,3.956083922264541570e+02,1.476279106402309083e+02,2.137147631774651302e+02,3.156532908112950508e+02,2.822268591045154267e+02,2.681287004406652272e+02,8.489994110716449427e+01,1.087841900277793172e+02,2.799732130043872758e+02,4.176122603564220270e+01,4.018681375774894491e+02,5.951890455981191508e+02,1.330563790278391707e+02,2.620686932847950743e+02,5.044809213439096993e+02,3.273194158616320237e+02,2.100975963689256503e+02,4.622769732530488085e+01
2.445240274492468018e+02,1.280820049811838430e+02,3.505837988270421874e+02,2.482438317461281940e+02,2.121626734371529324e+02,1.077032961426900783e+02,3.013171087077532775e+02,3.416343074107165876e+02,3.257299494980466079e+02,4.143669871020131978e+01,6.621933252457321828e+01,3.518891871029856020e+02,1.566045976336582441e+02,1.994241710525582221e+02,2.301847084408519208e+02,2.523885892824792450e+02,2.500599928017274749e+02,1.289689885204966515e+02,2.316916053723138305e+02,2.161041415614240293e+02,3.178443015062563859e+02,3.477038970158372990e+02,1.170469991071962568e+01,3.197811751807789165e+02,3.446403922931843340e+02,3.359657720661436429e+02,9.999900000000000000e+04,2.001124683771603543e+02,2.063128692059707703e+02,1.438923208513922134e+02,5.186520991955976001e+01,5.608029957123981291e+01,1.597059798504739661e+02,3.456891667379815090e+02,2.322606294661236745e+02,2.933189390407649739e+02,2.993476240092778653e+02,7.550496672405067500e+01,2.666477076593758966e+02,2.029507329378241138e+02,2.387571988443489772e+02,1.740632069105932658e+02,3.096724075535306611e+02,1.377679207943562005e+02,3.352610922848041923e+02
1.886080592127494526e+02,2.824499955744379349e+02,4.356145084819834210e+02,3.620082871979590209e+02,2.158703314492290204e+01,2.702239811711758648e+02,4.826437609666160142e+02,4.827059146105421519e+02,5.122352974952038949e+02,1.786169084941288645e+02,1.762044267321340669e+02,5.002969118433572930e+02,9.741663102366042892e+01,2.850070174574653947e+02,1.216963434126103891e+02,4.139625586934161561e+02,3.936356183070835755e+02,2.576897359228729556e+02,4.257722395835594966e+02,4.009588507565333657e+02,4.472694937059758900e+02,5.238597140456594161e+02,2.107605276136876569e+02,4.407096549884061574e+02,5.005956452067876512e+02,3.956083922264541570e+02,2.001124683771603543e+02,9.999900000000000000e+04,2.505992817228333536e+02,2.934620929523948121e+02,2.478810198462157359e+02,1.946535383701000228e+02,1.282692480682723897e+02,4.439481951759686922e+02,2.924790590794493141e+02,4.699457415489579830e+02,3.539293714853289998e+02,1.701763790894611930e+02,3.763402715628504325e+02,2.870017421549911205e+02,1.566460979405487706e+02,2.998616347584331834e+02,4.956490694029395740e+02,2.068743580050461333e+02,4.176374025395713829e+02
1.122007130102121977e+02,3.323040776156681204e+02,1.850837648201483887e+02,4.543676925134532212e+02,2.434625227832817700e+02,3.113149530620075893e+02,3.072344381738479342e+02,2.540492078318686708e+02,3.440130811466331693e+02,1.688075827680735301e+02,2.579457307264456176e+02,2.765375200583096102e+02,1.533949151699625304e+02,5.303772242470447651e+01,1.658010856418015067e+02,2.188264152244879313e+02,1.808120571200936126e+02,3.351715978420605779e+02,2.955300323148224493e+02,2.505992817228333536e+02,2.130023474049053789e+02,3.330540496676177895e+02,2.138878210651555491e+02,2.014571914824586258e+02,2.845698508275252721e+02,1.476279106402309083e+02,2.063128692059707703e+02,2.505992817228333536e+02,9.999900000000000000e+04,1.334166406412633421e+02,2.022003956474863173e+02,1.502331521336086553e+02,1.223315167894193962e+02,1.951256005756292211e+02,4.204759208325727826e+01,2.875708608325954856e+02,1.061037228376082879e+02,2.631805463935356784e+02,4.728297790960294265e+02,5.240229002629560995e+01,1.390898989862311907e+02,3.802906782975359761e+02,3.285178838358727944e+02,6.920260110718382407e+01,1.670838113043869839e+02
2.306707610426601036e+02,2.432817296880306230e+02,2.149790687485644582e+02,3.664560000873228773e+02,2.962330163908135319e+02,2.229282395749807222e+02,1.942498391247725067e+02,2.000024999843751914e+02,2.277827912727385922e+02,1.301383878799795184e+02,2.099904759745070066e+02,2.130093894644083434e+02,2.082546518087891343e+02,9.226592003551473908e+01,2.589401475244810058e+02,1.206026533704793735e+02,1.076707945545123266e+02,2.588049458569136618e+02,1.641279988301813262e+02,1.228006514640700146e+02,1.740402252354322741e+02,2.316570741419307353e+02,1.441804425017484732e+02,1.760823670899502531e+02,2.096187014557622774e+02,2.137147631774651302e+02,1.438923208513922134e+02,2.934620929523948121e+02,1.334166406412633421e+02,9.999900000000000000e+04,1.080046295304048556e+02,1.070046727951634864e+02,1.880026595556562938e+02,2.058008746337099524e+02,1.325443322062471339e+02,1.788770527485289392e+02,1.855208883118016843e+02,2.189611837746590197e+02,3.849259669079237369e+02,9.542536350467835859e+01,2.459796739570162174e+02,2.965821977125397098e+02,2.112912681584357415e+02,1.039663407069807448e+02,2.017349746573459299e+02
2.630779352207250668e+02,1.370000000000000000e+02,3.222995501082804708e+02,2.609693468589749727e+02,2.581414341015405398e+02,1.161808934377765894e+02,2.498519561660464490e+02,2.980805260328154986e+02,2.738795355626265291e+02,7.220110802473878664e+01,1.130000000000000000e+02,3.063396807467161693e+02,1.916376789673680037e+02,1.821318203939113971e+02,2.616963889701193580e+02,2.053533540023147452e+02,2.083554654910688839e+02,1.508011936292282940e+02,1.802470526804807491e+02,1.645509039780699538e+02,2.780017985553330959e+02,2.967086112670139642e+02,4.539823785126466760e+01,2.822941728056036368e+02,2.974373883693843936e+02,3.156532908112950508e+02,5.186520991955976001e+01,2.478810198462157359e+02,2.022003956474863173e+02,1.080046295304048556e+02,9.999900000000000000e+04,6.800735254367721438e+01,1.872751985715140108e+02,3.138040790047191422e+02,2.195836970268967718e+02,2.425077318355025113e+02,2.826393461639762563e+02,1.230162590879758397e+02,2.795514263959316850e+02,1.857336803059692727e+02,2.639109698364204064e+02,1.895257238477141470e+02,2.578468537717689628e+02,1.398070098385628057e+02,3.083796361629606508e+02
1.964306493396587996e+02,1.830956034425731502e+02,3.005361875049325704e+02,3.042367499169026814e+02,2.013752715702700300e+02,1.623360711610330895e+02,2.884805019407723989e+02,3.065893018355337176e+02,3.175925062088209643e+02,2.404163056034261459e+01,1.134636505670428335e+02,3.200140621910230720e+02,1.260158720161869184e+02,1.458663772087316772e+02,1.941648783894760015e+02,2.255770378385176116e+02,2.142825237857721277e+02,1.850027026829608303e+02,2.330321866180721315e+02,2.063055985667863581e+02,2.781726082848560964e+02,3.310906220357200027e+02,6.407807737440317908e+01,2.774617090699183564e+02,3.161550252645052979e+02,2.822268591045154267e+02,5.608029957123981291e+01,1.946535383701000228e+02,1.502331521336086553e+02,1.070046727951634864e+02,6.800735254367721438e+01,9.999900000000000000e+04,1.194026800369237975e+02,2.981073632099683550e+02,1.769802248840248353e+02,2.767399501336950038e+02,2.446630335788387924e+02,1.207393887677091016e+02,3.226670110191000163e+02,1.493050568467123185e+02,1.959693853641430508e+02,2.300978052915759520e+02,3.010149497948565340e+02,8.185963596303125200e+01,2.845224068504974753e+02
9.047651629014016805e+01,2.820230487034703515e+02,3.073580973392436704e+02,3.919706621674637290e+02,1.220368796716795714e+02,2.633210967621090504e+02,3.822381456631454739e+02,3.618894858931383851e+02,4.155791140083919117e+02,1.198540779448075284e+02,1.826937327879640236e+02,3.814341358609635222e+02,3.132091952673165025e+01,1.592607924129476373e+02,7.529276193632426839e+01,3.038321905262837959e+02,2.767020057751660147e+02,2.720386002022507341e+02,3.424280946417802056e+02,3.077742679302478450e+02,3.241805052744535374e+02,4.181148167668780502e+02,1.710584695360039689e+02,3.159398676963703565e+02,3.846101922726437579e+02,2.681287004406652272e+02,1.597059798504739661e+02,1.282692480682723897e+02,1.223315167894193962e+02,1.880026595556562938e+02,1.872751985715140108e+02,1.194026800369237975e+02,9.999900000000000000e+04,3.161913977324493885e+02,1.642224101637775959e+02,3.663795845840758716e+02,2.263735850314696165e+02,1.837307813078690515e+02,4.093372692536070758e+02,1.609005904277544801e+02,7.910120100226039597e+01,3.193242865802724850e+02,3.990250618695522462e+02,8.723531395025754875e+01,2.893751889848194878e+02
2.944503353708397526e+02,4.481785358537376283e+02,2.915475947422650194e+01,5.702245171859940456e+02,4.380730532685159346e+02,4.281553456398740423e+02,2.361037907361929626e+02,1.084665847162157064e+02,2.701499583564654472e+02,3.219720484762613637e+02,4.101146181252260590e+02,1.338992158304147893e+02,3.465775526487541924e+02,1.610124218810461798e+02,3.580949594730425929e+02,1.635145253486674051e+02,1.252397700413091570e+02,4.646052087525494017e+02,2.852437554092990126e+02,2.390020920410530607e+02,7.402702209328698757e+01,2.308527669316527806e+02,3.478074179772478374e+02,5.408326913195983821e+01,1.550806241927082283e+02,8.489994110716449427e+01,3.456891667379815090e+02,4.439481951759686922e+02,1.951256005756292211e+02,2.058008746337099524e+02,3.138040790047191422e+02,2.981073632099683550e+02,3.161913977324493885e+02,9.999900000000000000e+04,1.532644772933376203e+02,2.142825237857721277e+02,1.100181803158005351e+02,4.181506905411014827e+02,5.885184788942484602e+02,1.584929020492716063e+02,3.271452276894773945e+02,5.017818250993154265e+02,2.610478883270270671e+02,2.418119103766396449e+02,3.894868418830089496e+01
1.471359915180510711e+02,3.543585754571208213e+02,1.431362986806631170e+02,4.778807382600809319e+02,2.855065673500348566e+02,3.332641594891355794e+02,2.852034361644333558e+02,2.179747691821234525e+02,3.226220699208285509e+02,1.980101007524616250e+02,2.887213189218974208e+02,2.415719354560872887e+02,1.951665955024066079e+02,4.031128874149274566e+01,2.059757267252624615e+02,1.950410213262840671e+02,1.530522786501396695e+02,3.608268282708479546e+02,2.855906160923358925e+02,2.382099913941478633e+02,1.758237754116319707e+02,3.061388573833775695e+02,2.384030201150983714e+02,1.626929623554749753e+02,2.517538480341462446e+02,1.087841900277793172e+02,2.322606294661236745e+02,2.924790590794493141e+02,4.204759208325727826e+01,1.325443322062471339e+02,2.195836970268967718e+02,1.769802248840248353e+02,1.642224101637775959e+02,1.532644772933376203e+02,9.999900000000000000e+04,2.643728427807969865e+02,6.860029154456998413e+01,2.948219801846531141e+02,4.964594646091460959e+02,3.712142238654116966e+01,1.771157813409070627e+02,4.044564253414698669e+02,3.079025819963190997e+02,1.015135458941317808e+02,1.251598977308626530e+02
