50000, 981, 1036, 2630, 2910, 2996, 772, 675, 618, 529, 525, 572, 603, 2550, 984, 2612, 2787, 3014, 3068, 3027, 2771, 2667, 2541, 938, 834, 860, 567, 636, 352, 362, 413, 244, 278, 208, 156, 234, 236, 276, 197, 410, 233, 260, 282, 326, 326, 354, 357, 387, 739, 640, 576, 414, 455, 505, 540, 573, 559, 632, 780, 859, 930, 925, 2519, 2602, 2667, 2666, 2702, 2767, 2729, 2764, 998, 929, 894, 899, 1001, 2592, 1084, 476, 411, 477, 436, 504, 668, 685, 748, 511, 526, 562, 614, 519, 555, 588, 565, 551, 578, 604, 665, 619, 603
981, 50000, 26, 1558, 1665, 1709, 23, 46, 62, 95, 107, 104, 106, 1623, 138, 1648, 1701, 1802, 1911, 1966, 1806, 1802, 1779, 251, 244, 182, 169, 172, 190, 189, 220, 282, 266, 327, 421, 326, 345, 351, 456, 270, 512, 576, 616, 524, 489, 437, 548, 523, 575, 617, 668, 829, 809, 783, 784, 777, 887, 889, 933, 324, 337, 376, 1910, 1952, 2020, 1998, 1995, 2071, 2102, 2132, 458, 436, 475, 521, 576, 2123, 667, 230, 273, 275, 377, 283, 342, 347, 395, 329, 363, 363, 353, 304, 303, 298, 287, 272, 271, 257, 238, 225, 211
1036, 26, 50000, 1518, 1582, 1614, 37, 49, 64, 95, 100, 87, 82, 1555, 68, 1571, 1605, 1681, 1765, 1810, 1685, 1684, 1671, 154, 155, 106, 127, 120, 195, 190, 193, 292, 266, 338, 428, 323, 335, 326, 436, 230, 473, 523, 554, 461, 430, 379, 477, 449, 448, 497, 552, 729, 702, 670, 666, 654, 761, 752, 776, 218, 224, 258, 1781, 1811, 1867, 1848, 1844, 1907, 1935, 1960, 322, 308, 345, 385, 426, 1962, 502, 187, 232, 221, 312, 223, 251, 253, 288, 260, 286, 282, 266, 238, 232, 224, 218, 208, 203, 189, 166, 161, 153
2630, 1558, 1518, 50000, 41, 62, 1571, 1579, 1593, 1626, 1626, 1605, 1595, 29, 1541, 37, 57, 112, 181, 220, 121, 124, 120, 1612, 1621, 1579, 1629, 1613, 1734, 1726, 1709, 1839, 1804, 1885, 1976, 1860, 1869, 1849, 1965, 1738, 1989, 2030, 2055, 1959, 1930, 1878, 1969, 1937, 1894, 1951, 2011, 2204, 2172, 2134, 2125, 2110, 2217, 2199, 2207, 1673, 1673, 1703, 217, 240, 286, 269, 263, 317, 346, 367, 1756, 1748, 1784, 1821, 1852, 379, 1917, 1691, 1739, 1718, 1804, 1716, 1720, 1720, 1745, 1746, 1768, 1759, 1739, 1727, 1716, 1705, 1702, 1696, 1688, 1673, 1647, 1648, 1643
2910, 1665, 1582, 41, 50000, 12, 1689, 1692, 1709, 1748, 1740, 1704, 1683, 36, 1551, 30, 20, 35, 78, 111, 60, 75, 89, 1599, 1625, 1593, 1703, 1670, 1879, 1865, 1813, 2004, 1954, 2056, 2152, 2013, 2014, 1973, 2108, 1830, 2110, 2136, 2152, 2046, 2020, 1963, 2045, 2005, 1878, 1953, 2025, 2259, 2216, 2164, 2147, 2124, 2234, 2200, 2176, 1660, 1648, 1673, 170, 176, 208, 193, 183, 222, 252, 267, 1707, 1711, 1749, 1781, 1792, 303, 1839, 1772, 1830, 1790, 1872, 1779, 1738, 1734, 1742, 1801, 1814, 1797, 1767, 1782, 1764, 1746, 1750, 1750, 1736, 1717, 1682, 1696, 1697
2996, 1709, 1614, 62, 12, 50000, 1735, 1736, 1754, 1794, 1783, 1743, 1719, 49, 1564, 38, 20, 23, 58, 89, 52, 70, 89, 1605, 1635, 1606, 1734, 1695, 1931, 1915, 1852, 2060, 2005, 2114, 2210, 2065, 2064, 2016, 2156, 1865, 2151, 2172, 2185, 2077, 2052, 1994, 2072, 2031, 1879, 1959, 2034, 2279, 2232, 2177, 2157, 2132, 2243, 2203, 2170, 1665, 1648, 1672, 163, 166, 192, 178, 167, 201, 232, 244, 1699, 1707, 1745, 1776, 1780, 287, 1822, 1804, 1865, 1819, 1898, 1805, 1750, 1746, 1748, 1824, 1834, 1815, 1782, 1806, 1785, 1765, 1772, 1773, 1757, 1738, 1701, 1718, 1722
772, 23, 37, 1571, 1689, 1735, 50000, 16, 23, 41, 49, 50, 54, 1612, 117, 1640, 1703, 1813, 1910, 1951, 1788, 1772, 1739, 205, 188, 140, 101, 110, 105, 104, 131, 174, 162, 210, 285, 208, 224, 231, 315, 172, 364, 421, 457, 381, 351, 308, 404, 385, 460, 487, 526, 652, 637, 619, 623, 620, 714, 722, 774, 258, 277, 309, 1848, 1892, 1957, 1938, 1939, 2011, 2033, 2063, 386, 360, 390, 430, 487, 2037, 574, 144, 174, 181, 264, 190, 255, 260, 308, 229, 259, 263, 259, 209, 211, 211, 199, 185, 186, 177, 167, 152, 139
675, 46, 49, 1579, 1692, 1736, 16, 50000, 11, 20, 24, 25, 28, 1599, 97, 1625, 1690, 1799, 1883, 1913, 1756, 1736, 1699, 164, 144, 106, 61, 70, 67, 65, 83, 125, 111, 154, 218, 150, 162, 165, 238, 115, 279, 328, 359, 292, 266, 229, 312, 295, 371, 391, 423, 533, 520, 505, 509, 507, 591, 600, 651, 203, 223, 250, 1789, 1831, 1891, 1875, 1878, 1944, 1961, 1989, 319, 293, 317, 352, 407, 1956, 487, 93, 117, 123, 192, 131, 191, 196, 239, 164, 190, 194, 192, 147, 150, 151, 140, 128, 130, 124, 118, 103, 92
618, 62, 64, 1593, 1709, 1754, 23, 11, 50000, 14, 17, 18, 22, 1606, 100, 1632, 1700, 1811, 1891, 1916, 1759, 1735, 1695, 158, 135, 102, 50, 60, 50, 49, 64, 101, 88, 127, 185, 122, 133, 136, 203, 93, 241, 287, 316, 254, 230, 197, 274, 259, 342, 357, 385, 483, 472, 460, 465, 464, 543, 553, 607, 191, 212, 237, 1777, 1820, 1878, 1863, 1868, 1933, 1946, 1974, 305, 277, 298, 331, 386, 1935, 465, 75, 95, 103, 164, 111, 171, 177, 220, 141, 165, 170, 171, 126, 130, 131, 121, 110, 112, 107, 104, 89, 79
529, 95, 95, 1626, 1748, 1794, 41, 20, 14, 50000, 11, 14, 19, 1626, 115, 1653, 1727, 1843, 1916, 1935, 1775, 1745, 1700, 159, 131, 105, 38, 52, 29, 28, 41, 67, 57, 88, 136, 84, 92, 96, 151, 65, 185, 227, 255, 202, 180, 152, 220, 209, 305, 312, 333, 412, 404, 395, 402, 403, 474, 488, 546, 181, 205, 226, 1769, 1813, 1870, 1857, 1864, 1926, 1935, 1962, 291, 262, 277, 306, 363, 1914, 440, 54, 67, 77, 128, 85, 149, 156, 197, 112, 134, 141, 145, 100, 105, 109, 98, 88, 92, 89, 91, 75, 65
525, 107, 100, 1626, 1740, 1783, 49, 24, 17, 11, 50000, 11, 15, 1617, 104, 1642, 1713, 1825, 1891, 1906, 1754, 1723, 1679, 140, 112, 90, 28, 40, 27, 25, 32, 64, 52, 84, 129, 77, 84, 84, 138, 52, 167, 205, 230, 179, 159, 132, 196, 184, 271, 278, 298, 377, 368, 359, 365, 365, 434, 446, 500, 157, 180, 199, 1740, 1783, 1836, 1824, 1832, 1890, 1898, 1924, 260, 232, 246, 273, 328, 1876, 400, 42, 54, 62, 108, 69, 127, 132, 171, 93, 113, 119, 122, 82, 86, 90, 80, 71, 74, 72, 74, 60, 51
572, 104, 87, 1605, 1704, 1743, 50, 25, 18, 14, 11, 50000, 10, 1591, 79, 1613, 1677, 1779, 1839, 1853, 1713, 1685, 1645, 111, 88, 68, 21, 29, 38, 34, 33, 80, 64, 102, 149, 90, 96, 91, 150, 51, 174, 209, 232, 178, 158, 130, 192, 179, 245, 256, 280, 370, 358, 346, 349, 348, 418, 426, 472, 129, 149, 168, 1704, 1743, 1793, 1781, 1787, 1842, 1851, 1875, 224, 199, 214, 240, 289, 1834, 358, 37, 52, 55, 101, 60, 107, 112, 146, 82, 101, 104, 105, 71, 74, 76, 68, 60, 62, 59, 58, 47, 39
603, 106, 82, 1595, 1683, 1719, 54, 28, 22, 19, 15, 10, 50000, 1577, 65, 1596, 1655, 1750, 1806, 1819, 1687, 1661, 1624, 93, 72, 54, 18, 23, 46, 42, 35, 92, 73, 115, 163, 100, 104, 96, 158, 50, 179, 211, 232, 176, 157, 128, 189, 174, 226, 241, 266, 363, 350, 335, 337, 334, 404, 409, 450, 111, 129, 147, 1680, 1716, 1763, 1752, 1758, 1810, 1819, 1842, 200, 177, 192, 217, 263, 1805, 329, 35, 51, 51, 97, 55, 94, 98, 130, 76, 93, 95, 94, 65, 66, 67, 60, 53, 54, 50, 48, 39, 32
2550, 1623, 1555, 29, 36, 49, 1612, 1599, 1606, 1626, 1617, 1591, 1577, 50000, 1511, 11, 25, 67, 108, 128, 53, 51, 46, 1542, 1550, 1528, 1586, 1566, 1712, 1701, 1659, 1804, 1764, 1843, 1917, 1808, 1808, 1776, 1881, 1671, 1885, 1909, 1924, 1840, 1818, 1774, 1842, 1812, 1746, 1797, 1850, 2028, 1996, 1958, 1948, 1933, 2024, 2003, 2001, 1581, 1579, 1599, 108, 125, 159, 146, 143, 183, 204, 220, 1636, 1631, 1658, 1685, 1707, 227, 1757, 1631, 1671, 1645, 1706, 1638, 1622, 1621, 1634, 1656, 1668, 1658, 1640, 1642, 1631, 1620, 1621, 1619, 1611, 1598, 1577, 1583, 1583
984, 138, 68, 1541, 1551, 1564, 117, 97, 100, 115, 104, 79, 65, 1511, 50000, 1513, 1531, 1574, 1609, 1624, 1550, 1544, 1535, 30, 35, 18, 68, 49, 190, 179, 134, 274, 234, 309, 376, 273, 272, 240, 337, 142, 337, 358, 371, 293, 273, 232, 294, 266, 206, 252, 300, 466, 436, 401, 391, 377, 462, 444, 443, 61, 61, 78, 1588, 1605, 1637, 1626, 1624, 1662, 1679, 1695, 112, 106, 129, 154, 175, 1697, 223, 106, 142, 116, 170, 110, 94, 93, 106, 125, 135, 126, 110, 113, 103, 93, 94, 93, 85, 75, 56, 62, 63
2612, 1648, 1571, 37, 30, 38, 1640, 1625, 1632, 1653, 1642, 1613, 1596, 11, 1513, 50000, 17, 49, 84, 103, 39, 39, 38, 1538, 1550, 1531, 1602, 1578, 1745, 1732, 1682, 1841, 1797, 1881, 1955, 1841, 1840, 1803, 1912, 1691, 1910, 1931, 1944, 1857, 1836, 1791, 1857, 1825, 1740, 1795, 1851, 2038, 2003, 1962, 1950, 1933, 2025, 2000, 1991, 1577, 1573, 1591, 96, 109, 139, 128, 123, 160, 181, 196, 1623, 1621, 1648, 1674, 1691, 208, 1737, 1649, 1691, 1660, 1720, 1651, 1624, 1623, 1632, 1667, 1677, 1666, 1644, 1654, 1640, 1628, 1631, 1630, 1620, 1607, 1584, 1593, 1595
2787, 1701, 1605, 57, 20, 20, 1703, 1690, 1700, 1727, 1713, 1677, 1655, 25, 1531, 17, 50000, 22, 48, 68, 26, 33, 42, 1552, 1573, 1555, 1657, 1625, 1835, 1820, 1755, 1945, 1894, 1989, 2070, 1941, 1938, 1892, 2013, 1762, 2003, 2019, 2029, 1935, 1914, 1865, 1930, 1894, 1767, 1833, 1897, 2109, 2068, 2020, 2003, 1982, 2079, 2046, 2021, 1595, 1583, 1602, 98, 103, 128, 116, 109, 141, 164, 176, 1626, 1630, 1660, 1685, 1693, 202, 1732, 1712, 1761, 1720, 1783, 1708, 1660, 1656, 1659, 1721, 1729, 1713, 1686, 1707, 1690, 1673, 1679, 1681, 1668, 1653, 1623, 1638, 1643
3014, 1802, 1681, 112, 35, 23, 1813, 1799, 1811, 1843, 1825, 1779, 1750, 67, 1574, 49, 22, 50000, 20, 37, 25, 40, 62, 1583, 1616, 1602, 1744, 1701, 1968, 1950, 1863, 2092, 2031, 2141, 2226, 2081, 2074, 2015, 2149, 1863, 2126, 2133, 2138, 2036, 2016, 1964, 2024, 1983, 1802, 1880, 1953, 2192, 2144, 2087, 2065, 2038, 2139, 2094, 2049, 1627, 1608, 1624, 109, 104, 120, 109, 99, 122, 147, 155, 1636, 1648, 1680, 1703, 1698, 197, 1726, 1805, 1861, 1808, 1870, 1790, 1714, 1708, 1699, 1798, 1801, 1780, 1746, 1785, 1763, 1741, 1752, 1757, 1740, 1722, 1687, 1709, 1718
3068, 1911, 1765, 181, 78, 58, 1910, 1883, 1891, 1916, 1891, 1839, 1806, 108, 1609, 84, 48, 20, 50000, 14, 26, 39, 64, 1591, 1626, 1626, 1783, 1734, 2033, 2011, 1904, 2152, 2085, 2198, 2274, 2129, 2115, 2046, 2176, 1891, 2137, 2131, 2128, 2032, 2016, 1968, 2014, 1972, 1763, 1841, 1911, 2149, 2099, 2040, 2015, 1987, 2079, 2029, 1973, 1622, 1599, 1608, 87, 76, 81, 74, 65, 76, 97, 101, 1607, 1623, 1650, 1666, 1653, 145, 1668, 1835, 1889, 1828, 1875, 1807, 1710, 1703, 1684, 1806, 1802, 1778, 1743, 1797, 1772, 1749, 1763, 1772, 1754, 1737, 1703, 1731, 1743
3027, 1966, 1810, 220, 111, 89, 1951, 1913, 1916, 1935, 1906, 1853, 1819, 128, 1624, 103, 68, 37, 14, 50000, 29, 38, 60, 1587, 1620, 1629, 1783, 1734, 2037, 2015, 1898, 2147, 2079, 2188, 2255, 2116, 2099, 2026, 2147, 1878, 2100, 2087, 2080, 1991, 1979, 1935, 1970, 1930, 1718, 1790, 1856, 2081, 2032, 1975, 1950, 1923, 2007, 1957, 1899, 1606, 1584, 1589, 67, 54, 54, 49, 42, 48, 64, 66, 1581, 1597, 1618, 1631, 1614, 104, 1624, 1827, 1875, 1813, 1848, 1791, 1688, 1680, 1658, 1784, 1776, 1753, 1719, 1778, 1753, 1731, 1747, 1758, 1739, 1725, 1694, 1723, 1737
2771, 1806, 1685, 121, 60, 52, 1788, 1756, 1759, 1775, 1754, 1713, 1687, 53, 1550, 39, 26, 25, 26, 29, 50000, 12, 21, 1535, 1556, 1555, 1666, 1629, 1866, 1848, 1760, 1964, 1908, 2002, 2068, 1945, 1934, 1878, 1988, 1751, 1960, 1961, 1962, 1877, 1862, 1821, 1865, 1831, 1682, 1742, 1801, 2000, 1959, 1911, 1893, 1871, 1955, 1918, 1884, 1558, 1545, 1555, 46, 45, 58, 51, 46, 65, 81, 89, 1564, 1571, 1592, 1609, 1609, 111, 1633, 1707, 1749, 1703, 1744, 1687, 1619, 1614, 1606, 1688, 1688, 1670, 1644, 1680, 1661, 1644, 1654, 1660, 1646, 1634, 1608, 1628, 1636
2667, 1802, 1684, 124, 75, 70, 1772, 1736, 1735, 1745, 1723, 1685, 1661, 51, 1544, 39, 33, 40, 39, 38, 12, 50000, 13, 1522, 1538, 1541, 1636, 1603, 1821, 1804, 1719, 1910, 1856, 1944, 2002, 1888, 1877, 1823, 1924, 1708, 1896, 1895, 1896, 1819, 1805, 1768, 1807, 1776, 1645, 1698, 1750, 1933, 1895, 1852, 1835, 1815, 1893, 1860, 1832, 1538, 1529, 1536, 31, 33, 47, 40, 37, 56, 69, 78, 1546, 1550, 1568, 1583, 1586, 91, 1611, 1669, 1706, 1663, 1698, 1649, 1588, 1584, 1577, 1649, 1648, 1632, 1609, 1642, 1625, 1611, 1620, 1625, 1613, 1603, 1581, 1598, 1607
2541, 1779, 1671, 120, 89, 89, 1739, 1699, 1695, 1700, 1679, 1645, 1624, 46, 1535, 38, 42, 62, 64, 60, 21, 13, 50000, 1512, 1521, 1526, 1599, 1572, 1762, 1746, 1669, 1839, 1791, 1869, 1922, 1818, 1808, 1759, 1850, 1658, 1826, 1827, 1828, 1758, 1745, 1711, 1749, 1721, 1617, 1661, 1707, 1870, 1837, 1799, 1785, 1768, 1841, 1814, 1796, 1523, 1518, 1525, 25, 31, 48, 42, 41, 63, 73, 83, 1538, 1538, 1553, 1568, 1576, 86, 1604, 1625, 1657, 1620, 1650, 1607, 1560, 1557, 1554, 1608, 1608, 1595, 1576, 1602, 1588, 1576, 1583, 1588, 1578, 1569, 1552, 1566, 1573
938, 251, 154, 1612, 1599, 1605, 205, 164, 158, 159, 140, 111, 93, 1542, 30, 1538, 1552, 1583, 1591, 1587, 1535, 1522, 1512, 50000, 13, 16, 70, 48, 211, 197, 128, 280, 236, 308, 356, 262, 253, 209, 293, 120, 274, 278, 281, 216, 203, 171, 209, 184, 106, 144, 185, 333, 303, 269, 258, 244, 314, 292, 284, 18, 17, 24, 1530, 1541, 1561, 1555, 1556, 1581, 1589, 1601, 42, 38, 51, 66, 80, 1595, 113, 91, 119, 88, 117, 78, 43, 41, 43, 80, 82, 72, 56, 74, 63, 54, 59, 62, 54, 47, 33, 44, 49
834, 244, 155, 1621, 1625, 1635, 188, 144, 135, 131, 112, 88, 72, 1550, 35, 1550, 1573, 1616, 1626, 1620, 1556, 1538, 1521, 13, 50000, 15, 48, 31, 169, 156, 94, 228, 188, 252, 294, 210, 201, 163, 237, 86, 220, 226, 230, 171, 159, 131, 167, 145, 91, 121, 156, 286, 260, 231, 223, 211, 276, 260, 261, 15, 19, 25, 1536, 1551, 1574, 1568, 1571, 1598, 1604, 1617, 46, 38, 49, 63, 82, 1602, 118, 63, 85, 60, 85, 52, 28, 28, 33, 54, 57, 49, 38, 49, 41, 34, 37, 40, 34, 28, 19, 26, 31
860, 182, 106, 1579, 1593, 1606, 140, 106, 102, 105, 90, 68, 54, 1528, 18, 1531, 1555, 1602, 1626, 1629, 1555, 1541, 1526, 16, 15, 50000, 43, 27, 156, 144, 94, 223, 186, 251, 303, 214, 209, 176, 257, 94, 250, 264, 273, 207, 191, 159, 206, 183, 136, 171, 210, 350, 324, 294, 286, 274, 347, 332, 336, 31, 34, 46, 1558, 1576, 1604, 1596, 1597, 1631, 1641, 1656, 74, 66, 82, 101, 123, 1645, 166, 67, 94, 70, 108, 64, 49, 48, 59, 73, 79, 72, 60, 65, 56, 49, 51, 51, 45, 38, 26, 31, 33
567, 169, 127, 1629, 1703, 1734, 101, 61, 50, 38, 28, 21, 18, 1586, 68, 1602, 1657, 1744, 1783, 1783, 1666, 1636, 1599, 70, 48, 43, 50000, 12, 51, 45, 22, 88, 66, 106, 142, 84, 83, 68, 122, 27, 129, 151, 166, 118, 103, 80, 126, 112, 152, 161, 182, 268, 255, 241, 242, 239, 299, 303, 338, 73, 90, 101, 1632, 1664, 1704, 1695, 1703, 1747, 1750, 1770, 144, 123, 131, 151, 192, 1729, 247, 16, 27, 23, 53, 25, 51, 55, 79, 37, 48, 50, 50, 30, 31, 32, 27, 23, 24, 22, 23, 17, 14
636, 172, 120, 1613, 1670, 1695, 110, 70, 60, 52, 40, 29, 23, 1566, 49, 1578, 1625, 1701, 1734, 1734, 1629, 1603, 1572, 48, 31, 27, 12, 50000, 73, 66, 34, 117, 91, 138, 177, 111, 109, 88, 149, 37, 152, 170, 183, 131, 116, 91, 136, 120, 136, 152, 177, 276, 260, 241, 240, 235, 297, 296, 322, 53, 66, 77, 1603, 1631, 1667, 1659, 1665, 1705, 1710, 1728, 115, 97, 107, 126, 162, 1695, 213, 22, 37, 28, 58, 27, 42, 44, 64, 38, 47, 46, 43, 31, 29, 28, 25, 22, 21, 18, 16, 13, 12
352, 190, 195, 1734, 1879, 1931, 105, 67, 50, 29, 27, 38, 46, 1712, 190, 1745, 1835, 1968, 2033, 2037, 1866, 1821, 1762, 211, 169, 156, 51, 73, 50000, 10, 25, 20, 16, 30, 57, 29, 34, 43, 72, 41, 102, 139, 163, 130, 113, 96, 149, 145, 282, 269, 274, 308, 309, 311, 322, 328, 381, 405, 477, 211, 243, 258, 1808, 1858, 1914, 1904, 1917, 1977, 1976, 2004, 321, 285, 290, 313, 377, 1933, 451, 45, 43, 62, 92, 73, 150, 158, 202, 94, 113, 124, 137, 86, 96, 106, 93, 83, 91, 94, 107, 86, 76
362, 189, 190, 1726, 1865, 1915, 104, 65, 49, 28, 25, 34, 42, 1701, 179, 1732, 1820, 1950, 2011, 2015, 1848, 1804, 1746, 197, 156, 144, 45, 66, 10, 50000, 21, 21, 16, 32, 59, 29, 34, 40, 70, 36, 98, 133, 157, 122, 106, 89, 141, 137, 266, 254, 260, 297, 296, 297, 308, 313, 367, 389, 458, 196, 227, 241, 1790, 1839, 1893, 1883, 1896, 1954, 1953, 1980, 303, 268, 273, 295, 356, 1912, 429, 39, 37, 55, 84, 65, 138, 145, 187, 85, 103, 114, 125, 77, 87, 95, 84, 74, 82, 84, 97, 77, 68
413, 220, 193, 1709, 1813, 1852, 131, 83, 64, 41, 32, 33, 35, 1659, 134, 1682, 1755, 1863, 1904, 1898, 1760, 1719, 1669, 128, 94, 94, 22, 34, 25, 21, 50000, 40, 27, 50, 73, 36, 35, 28, 62, 13, 74, 96, 112, 78, 65, 49, 89, 82, 168, 161, 170, 218, 213, 208, 215, 217, 266, 280, 332, 119, 144, 153, 1693, 1733, 1776, 1769, 1781, 1828, 1825, 1847, 200, 172, 174, 191, 241, 1787, 301, 14, 14, 20, 39, 25, 72, 78, 108, 37, 49, 55, 63, 32, 38, 44, 37, 31, 36, 38, 48, 36, 31
244, 282, 292, 1839, 2004, 2060, 174, 125, 101, 67, 64, 80, 92, 1804, 274, 1841, 1945, 2092, 2152, 2147, 1964, 1910, 1839, 280, 228, 223, 88, 117, 20, 21, 40, 50000, 11, 11, 24, 14, 18, 30, 41, 52, 70, 104, 127, 107, 94, 85, 128, 130, 300, 272, 265, 265, 273, 282, 297, 308, 349, 381, 464, 265, 303, 314, 1871, 1926, 1982, 1974, 1991, 2050, 2043, 2071, 377, 336, 334, 353, 422, 1983, 496, 66, 53, 79, 96, 92, 183, 192, 237, 110, 128, 143, 162, 105, 120, 133, 119, 109, 120, 127, 148, 124, 113
278, 266, 266, 1804, 1954, 2005, 162, 111, 88, 57, 52, 64, 73, 1764, 234, 1797, 1894, 2031, 2085, 2079, 1908, 1856, 1791, 236, 188, 186, 66, 91, 16, 16, 27, 11, 50000, 15, 29, 13, 16, 23, 38, 36, 63, 93, 114, 91, 78, 68, 109, 109, 258, 235, 231, 242, 247, 253, 266, 275, 317, 344, 419, 222, 257, 267, 1819, 1871, 1923, 1915, 1931, 1987, 1980, 2007, 325, 287, 286, 304, 368, 1925, 438, 47, 37, 58, 74, 69, 148, 156, 197, 85, 101, 113, 130, 80, 93, 104, 92, 83, 92, 98, 117, 96, 87
208, 327, 338, 1885, 2056, 2114, 210, 154, 127, 88, 84, 102, 115, 1843, 309, 1881, 1989, 2141, 2198, 2188, 2002, 1944, 1869, 308, 252, 251, 106, 138, 30, 32, 50, 11, 15, 50000, 16, 12, 16, 29, 32, 59, 59, 91, 113, 99, 87, 82, 119, 123, 304, 270, 258, 246, 255, 268, 284, 297, 332, 366, 453, 285, 326, 334, 1894, 1950, 2005, 1998, 2017, 2075, 2065, 2093, 397, 354, 348, 366, 436, 1999, 509, 78, 60, 88, 98, 102, 195, 204, 250, 118, 134, 150, 172, 114, 130, 145, 131, 120, 133, 141, 166, 141, 130
156, 421, 428, 1976, 2152, 2210, 285, 218, 185, 136, 129, 149, 163, 1917, 376, 1955, 2070, 2226, 2274, 2255, 2068, 2002, 1922, 356, 294, 303, 142, 177, 57, 59, 73, 24, 29, 16, 50000, 18, 19, 31, 21, 75, 43, 69, 87, 84, 76, 77, 103, 111, 305, 262, 241, 206, 220, 237, 255, 269, 294, 332, 423, 320, 364, 368, 1930, 1987, 2040, 2035, 2056, 2111, 2095, 2122, 426, 381, 369, 382, 453, 2017, 523, 102, 76, 107, 103, 121, 216, 226, 270, 132, 145, 163, 189, 132, 150, 166, 152, 143, 157, 169, 199, 173, 163
234, 326, 323, 1860, 2013, 2065, 208, 150, 122, 84, 77, 90, 100, 1808, 273, 1841, 1941, 2081, 2129, 2116, 1945, 1888, 1818, 262, 210, 214, 84, 111, 29, 29, 36, 14, 13, 12, 18, 50000, 10, 17, 23, 39, 43, 69, 87, 72, 62, 56, 89, 92, 248, 219, 209, 205, 212, 221, 235, 245, 280, 309, 387, 237, 274, 280, 1835, 1886, 1937, 1930, 1948, 2001, 1990, 2016, 336, 297, 290, 305, 370, 1928, 437, 56, 40, 63, 69, 74, 154, 162, 202, 86, 100, 114, 133, 84, 98, 110, 99, 90, 101, 109, 132, 110, 102
236, 345, 335, 1869, 2014, 2064, 224, 162, 133, 92, 84, 96, 104, 1808, 272, 1840, 1938, 2074, 2115, 2099, 1934, 1877, 1808, 253, 201, 209, 83, 109, 34, 34, 35, 18, 16, 16, 19, 10, 50000, 13, 18, 35, 34, 56, 72, 58, 50, 45, 74, 76, 226, 196, 186, 180, 187, 196, 209, 219, 251, 279, 354, 224, 260, 265, 1818, 1868, 1915, 1910, 1928, 1978, 1966, 1991, 317, 278, 271, 284, 346, 1902, 410, 53, 36, 57, 59, 67, 141, 149, 186, 76, 88, 101, 120, 75, 88, 101, 90, 83, 93, 102, 125, 105, 97
276, 351, 326, 1849, 1973, 2016, 231, 165, 136, 96, 84, 91, 96, 1776, 240, 1803, 1892, 2015, 2046, 2026, 1878, 1823, 1759, 209, 163, 176, 68, 88, 43, 40, 28, 30, 23, 29, 31, 17, 13, 50000, 18, 23, 25, 41, 54, 38, 31, 27, 50, 50, 173, 148, 140, 145, 148, 153, 163, 171, 203, 226, 290, 178, 211, 213, 1760, 1805, 1846, 1842, 1859, 1904, 1891, 1913, 257, 223, 214, 225, 280, 1831, 337, 38, 23, 38, 36, 45, 104, 110, 141, 50, 58, 69, 85, 50, 61, 72, 63, 58, 67, 75, 95, 79, 74
197, 456, 436, 1965, 2108, 2156, 315, 238, 203, 151, 138, 150, 158, 1881, 337, 1912, 2013, 2149, 2176, 2147, 1988, 1924, 1850, 293, 237, 257, 122, 149, 72, 70, 62, 41, 38, 32, 21, 23, 18, 18, 50000, 53, 16, 29, 40, 38, 33, 36, 50, 56, 210, 171, 152, 126, 135, 148, 161, 173, 193, 223, 299, 248, 286, 285, 1838, 1887, 1929, 1927, 1948, 1992, 1973, 1996, 329, 290, 275, 282, 342, 1898, 399, 78, 53, 74, 59, 83, 153, 161, 194, 85, 92, 107, 129, 88, 103, 117, 107, 102, 113, 125, 153, 134, 128
410, 270, 230, 1738, 1830, 1865, 172, 115, 93, 65, 52, 51, 50, 1671, 142, 1691, 1762, 1863, 1891, 1878, 1751, 1708, 1658, 120, 86, 94, 27, 37, 41, 36, 13, 52, 36, 59, 75, 39, 35, 23, 53, 50000, 56, 71, 82, 53, 43, 30, 60, 54, 128, 120, 126, 169, 164, 159, 164, 166, 210, 221, 269, 102, 126, 131, 1668, 1705, 1743, 1737, 1750, 1791, 1785, 1805, 171, 144, 142, 155, 201, 1743, 254, 12, 10, 13, 22, 16, 54, 58, 83, 23, 30, 36, 44, 20, 26, 31, 25, 22, 26, 30, 41, 31, 29
233, 512, 473, 1989, 2110, 2151, 364, 279, 241, 185, 167, 174, 179, 1885, 337, 1910, 2003, 2126, 2137, 2100, 1960, 1896, 1826, 274, 220, 250, 129, 152, 102, 98, 74, 70, 63, 59, 43, 43, 34, 25, 16, 56, 50000, 13, 19, 19, 18, 23, 26, 32, 159, 122, 103, 79, 86, 96, 107, 117, 132, 158, 223, 220, 255, 249, 1797, 1840, 1874, 1874, 1895, 1931, 1909, 1929, 283, 247, 229, 231, 284, 1834, 332, 81, 55, 70, 45, 76, 129, 136, 161, 71, 73, 85, 106, 77, 89, 102, 95, 93, 103, 115, 143, 128, 126
260, 576, 523, 2030, 2136, 2172, 421, 328, 287, 227, 205, 209, 211, 1909, 358, 1931, 2019, 2133, 2131, 2087, 1961, 1895, 1827, 278, 226, 264, 151, 170, 139, 133, 96, 104, 93, 91, 69, 69, 56, 41, 29, 71, 13, 50000, 11, 14, 16, 23, 17, 23, 134, 96, 76, 50, 56, 65, 75, 84, 94, 117, 175, 215, 249, 239, 1783, 1823, 1851, 1853, 1874, 1904, 1879, 1897, 265, 231, 210, 208, 256, 1802, 296, 97, 70, 80, 46, 84, 126, 131, 151, 74, 72, 83, 103, 82, 93, 105, 101, 100, 110, 123, 152, 140, 140
282, 616, 554, 2055, 2152, 2185, 457, 359, 316, 255, 230, 232, 232, 1924, 371, 1944, 2029, 2138, 2128, 2080, 1962, 1896, 1828, 281, 230, 273, 166, 183, 163, 157, 112, 127, 114, 113, 87, 87, 72, 54, 40, 82, 19, 11, 50000, 14, 18, 27, 15, 21, 122, 84, 63, 37, 42, 50, 59, 68, 75, 96, 150, 215, 247, 234, 1777, 1814, 1838, 1842, 1863, 1889, 1863, 1879, 256, 224, 200, 197, 241, 1784, 277, 110, 81, 89, 50, 91, 126, 131, 147, 78, 74, 84, 103, 88, 98, 110, 106, 107, 116, 129, 159, 148, 150
326, 524, 461, 1959, 2046, 2077, 381, 292, 254, 202, 179, 178, 176, 1840, 293, 1857, 1935, 2036, 2032, 1991, 1877, 1819, 1758, 216, 171, 207, 118, 131, 130, 122, 78, 107, 91, 99, 84, 72, 58, 38, 38, 53, 19, 14, 14, 50000, 10, 14, 11, 12, 95, 66, 54, 49, 50, 54, 60, 66, 83, 99, 147, 160, 189, 179, 1718, 1753, 1778, 1780, 1799, 1826, 1805, 1821, 202, 173, 155, 155, 197, 1737, 234, 73, 51, 55, 27, 57, 85, 90, 105, 47, 44, 52, 67, 54, 62, 71, 68, 69, 76, 86, 110, 102, 103
326, 489, 430, 1930, 2020, 2052, 351, 266, 230, 180, 159, 158, 157, 1818, 273, 1836, 1914, 2016, 2016, 1979, 1862, 1805, 1745, 203, 159, 191, 103, 116, 113, 106, 65, 94, 78, 87, 76, 62, 50, 31, 33, 43, 18, 16, 18, 10, 50000, 11, 12, 13, 97, 70, 60, 60, 60, 63, 70, 76, 95, 111, 160, 152, 180, 173, 1712, 1747, 1774, 1775, 1794, 1823, 1803, 1820, 198, 169, 153, 154, 197, 1738, 237, 61, 42, 46, 22, 48, 79, 84, 101, 40, 39, 47, 62, 46, 54, 63, 60, 60, 67, 76, 99, 90, 91
354, 437, 379, 1878, 1963, 1994, 308, 229, 197, 152, 132, 130, 128, 1774, 232, 1791, 1865, 1964, 1968, 1935, 1821, 1768, 1711, 171, 131, 159, 80, 91, 96, 89, 49, 85, 68, 82, 77, 56, 45, 27, 36, 30, 23, 23, 27, 14, 11, 50000, 16, 15, 90, 69, 63, 76, 74, 74, 80, 84, 109, 123, 169, 127, 154, 149, 1686, 1720, 1749, 1748, 1765, 1796, 1779, 1796, 176, 148, 135, 139, 181, 1721, 222, 44, 29, 32, 15, 34, 62, 67, 84, 28, 28, 35, 47, 32, 39, 47, 43, 43, 49, 57, 77, 68, 69
357, 548, 477, 1969, 2045, 2072, 404, 312, 274, 220, 196, 192, 189, 1842, 294, 1857, 1930, 2024, 2014, 1970, 1865, 1807, 1749, 209, 167, 206, 126, 136, 149, 141, 89, 128, 109, 119, 103, 89, 74, 50, 50, 60, 26, 17, 15, 11, 12, 16, 50000, 10, 80, 53, 41, 40, 40, 41, 47, 52, 67, 80, 123, 151, 178, 167, 1703, 1735, 1757, 1760, 1778, 1802, 1780, 1795, 186, 159, 140, 138, 176, 1714, 210, 80, 59, 59, 28, 59, 80, 84, 96, 47, 42, 49, 63, 55, 61, 70, 68, 70, 76, 87, 110, 104, 107
387, 523, 449, 1937, 2005, 2031, 385, 295, 259, 209, 184, 179, 174, 1812, 266, 1825, 1894, 1983, 1972, 1930, 1831, 1776, 1721, 184, 145, 183, 112, 120, 145, 137, 82, 130, 109, 123, 111, 92, 76, 50, 56, 54, 32, 23, 21, 12, 13, 15, 10, 50000, 67, 44, 36, 45, 43, 42, 46, 49, 68, 79, 117, 130, 155, 145, 1678, 1708, 1730, 1732, 1749, 1772, 1752, 1766, 162, 137, 120, 119, 155, 1691, 187, 70, 53, 51, 22, 50, 65, 69, 79, 38, 33, 38, 50, 45, 50, 57, 56, 59, 64, 73, 94, 89, 92
739, 575, 448, 1894, 1878, 1879, 460, 371, 342, 305, 271, 245, 226, 1746, 206, 1740, 1767, 1802, 1763, 1718, 1682, 1645, 1617, 106, 91, 136, 152, 136, 282, 266, 168, 300, 258, 304, 305, 248, 226, 173, 210, 128, 159, 134, 122, 95, 97, 90, 80, 67, 50000, 15, 27, 100, 80, 60, 53, 45, 73, 60, 56, 58, 65, 52, 1561, 1570, 1574, 1577, 1588, 1593, 1579, 1585, 46, 38, 26, 21, 32, 1545, 43, 126, 125, 97, 70, 85, 41, 39, 28, 63, 50, 44, 40, 71, 65, 62, 70, 79, 76, 79, 85, 97, 108
640, 617, 497, 1951, 1953, 1959, 487, 391, 357, 312, 278, 256, 241, 1797, 252, 1795, 1833, 1880, 1841, 1790, 1742, 1698, 1661, 144, 121, 171, 161, 152, 269, 254, 161, 272, 235, 270, 262, 219, 196, 148, 171, 120, 122, 96, 84, 66, 70, 69, 53, 44, 15, 50000, 13, 61, 47, 33, 28, 24, 44, 37, 43, 87, 99, 83, 1598, 1612, 1616, 1621, 1635, 1641, 1622, 1629, 79, 66, 50, 43, 58, 1577, 71, 126, 117, 95, 59, 85, 52, 52, 43, 62, 48, 45, 47, 72, 69, 69, 75, 84, 83, 89, 101, 109, 120
576, 668, 552, 2011, 2025, 2034, 526, 423, 385, 333, 298, 280, 266, 1850, 300, 1851, 1897, 1953, 1911, 1856, 1801, 1750, 1707, 185, 156, 210, 182, 177, 274, 260, 170, 265, 231, 258, 241, 209, 186, 140, 152, 126, 103, 76, 63, 54, 60, 63, 41, 36, 27, 13, 50000, 38, 28, 18, 16, 14, 27, 25, 38, 119, 135, 117, 1636, 1653, 1658, 1664, 1680, 1686, 1663, 1671, 113, 98, 77, 68, 87, 1608, 100, 138, 123, 105, 62, 96, 72, 72, 65, 72, 57, 57, 62, 83, 83, 85, 91, 99, 100, 109, 126, 131, 141
414, 829, 729, 2204, 2259, 2279, 652, 533, 483, 412, 377, 370, 363, 2028, 466, 2038, 2109, 2192, 2149, 2081, 2000, 1933, 1870, 333, 286, 350, 268, 276, 308, 297, 218, 265, 242, 246, 206, 205, 180, 145, 126, 169, 79, 50, 37, 49, 60, 76, 40, 45, 100, 61, 38, 50000, 11, 16, 20, 26, 21, 33, 69, 245, 272, 249, 1781, 1807, 1816, 1824, 1847, 1855, 1822, 1832, 249, 223, 192, 177, 208, 1740, 224, 199, 166, 162, 99, 159, 160, 163, 162, 131, 115, 122, 139, 146, 153, 163, 165, 172, 179, 194, 224, 222, 231
455, 809, 702, 2172, 2216, 2232, 637, 520, 472, 404, 368, 358, 350, 1996, 436, 2003, 2068, 2144, 2099, 2032, 1959, 1895, 1837, 303, 260, 324, 255, 260, 309, 296, 213, 273, 247, 255, 220, 212, 187, 148, 135, 164, 86, 56, 42, 50, 60, 74, 40, 43, 80, 47, 28, 11, 50000, 11, 14, 18, 16, 24, 54, 218, 243, 220, 1748, 1772, 1779, 1787, 1808, 1815, 1783, 1792, 217, 195, 165, 151, 178, 1707, 192, 190, 161, 153, 93, 148, 142, 144, 141, 120, 104, 108, 123, 135, 140, 148, 151, 159, 164, 178, 206, 206, 215
505, 783, 670, 2134, 2164, 2177, 619, 505, 460, 395, 359, 346, 335, 1958, 401, 1962, 2020, 2087, 2040, 1975, 1911, 1852, 1799, 269, 231, 294, 241, 241, 311, 297, 208, 282, 253, 268, 237, 221, 196, 153, 148, 159, 96, 65, 50, 54, 63, 74, 41, 42, 60, 33, 18, 16, 11, 50000, 10, 12, 13, 18, 40, 189, 210, 187, 1712, 1733, 1737, 1745, 1765, 1770, 1740, 1748, 183, 163, 135, 122, 145, 1670, 156, 181, 156, 144, 87, 137, 122, 123, 117, 109, 92, 95, 106, 123, 126, 132, 137, 145, 149, 161, 186, 188, 199
540, 784, 666, 2125, 2147, 2157, 623, 509, 465, 402, 365, 349, 337, 1948, 391, 1950, 2003, 2065, 2015, 1950, 1893, 1835, 1785, 258, 223, 286, 242, 240, 322, 308, 215, 297, 266, 284, 255, 235, 209, 163, 161, 164, 107, 75, 59, 60, 70, 80, 47, 46, 53, 28, 16, 20, 14, 10, 50000, 10, 13, 15, 33, 179, 198, 175, 1697, 1716, 1719, 1727, 1746, 1749, 1720, 1727, 168, 150, 123, 109, 130, 1653, 140, 184, 161, 146, 89, 138, 117, 118, 110, 109, 91, 93, 103, 123, 125, 130, 136, 145, 147, 159, 182, 186, 197
573, 777, 654, 2110, 2124, 2132, 620, 507, 464, 403, 365, 348, 334, 1933, 377, 1933, 1982, 2038, 1987, 1923, 1871, 1815, 1768, 244, 211, 274, 239, 235, 328, 313, 217, 308, 275, 297, 269, 245, 219, 171, 173, 166, 117, 84, 68, 66, 76, 84, 52, 49, 45, 24, 14, 26, 18, 12, 10, 50000, 14, 14, 27, 166, 184, 161, 1681, 1697, 1699, 1707, 1725, 1727, 1699, 1706, 152, 136, 110, 97, 115, 1636, 123, 184, 163, 145, 90, 137, 110, 110, 101, 107, 89, 89, 98, 121, 122, 125, 132, 142, 143, 154, 175, 181, 193
559, 887, 761, 2217, 2234, 2243, 714, 591, 543, 474, 434, 418, 404, 2024, 462, 2025, 2079, 2139, 2079, 2007, 1955, 1893, 1841, 314, 276, 347, 299, 297, 381, 367, 266, 349, 317, 332, 294, 280, 251, 203, 193, 210, 132, 94, 75, 83, 95, 109, 67, 68, 73, 44, 27, 21, 16, 13, 13, 14, 50000, 12, 29, 224, 244, 217, 1739, 1756, 1755, 1765, 1786, 1785, 1752, 1758, 205, 187, 155, 138, 157, 1679, 161, 234, 206, 190, 123, 182, 156, 157, 146, 148, 127, 129, 140, 165, 167, 172, 179, 190, 193, 206, 232, 238, 250
632, 889, 752, 2199, 2200, 2203, 722, 600, 553, 488, 446, 426, 409, 2003, 444, 2000, 2046, 2094, 2029, 1957, 1918, 1860, 1814, 292, 260, 332, 303, 296, 405, 389, 280, 381, 344, 366, 332, 309, 279, 226, 223, 221, 158, 117, 96, 99, 111, 123, 80, 79, 60, 37, 25, 33, 24, 18, 15, 14, 12, 50000, 18, 205, 221, 195, 1711, 1724, 1720, 1730, 1749, 1744, 1713, 1717, 178, 163, 133, 116, 129, 1646, 130, 242, 218, 197, 131, 186, 148, 148, 132, 150, 128, 127, 135, 167, 167, 170, 179, 191, 192, 204, 226, 235, 249
780, 933, 776, 2207, 2176, 2170, 774, 651, 607, 546, 500, 472, 450, 2001, 443, 1991, 2021, 2049, 1973, 1899, 1884, 1832, 1796, 284, 261, 336, 338, 322, 477, 458, 332, 464, 419, 453, 423, 387, 354, 290, 299, 269, 223, 175, 150, 147, 160, 169, 123, 117, 56, 43, 38, 69, 54, 40, 33, 27, 29, 18, 50000, 198, 208, 179, 1687, 1692, 1681, 1692, 1708, 1696, 1667, 1668, 153, 145, 117, 97, 101, 1610, 93, 282, 264, 233, 167, 218, 158, 155, 132, 179, 153, 148, 151, 196, 191, 191, 203, 218, 216, 226, 243, 258, 275
859, 324, 218, 1673, 1660, 1665, 258, 203, 191, 181, 157, 129, 111, 1581, 61, 1577, 1595, 1627, 1622, 1606, 1558, 1538, 1523, 18, 15, 31, 73, 53, 211, 196, 119, 265, 222, 285, 320, 237, 224, 178, 248, 102, 220, 215, 215, 160, 152, 127, 151, 130, 58, 87, 119, 245, 218, 189, 179, 166, 224, 205, 198, 50000, 11, 12, 1519, 1530, 1545, 1542, 1546, 1565, 1567, 1577, 23, 18, 24, 34, 47, 1562, 73, 81, 100, 70, 83, 59, 22, 20, 18, 55, 52, 43, 32, 53, 43, 36, 42, 47, 40, 36, 28, 39, 46
930, 337, 224, 1673, 1648, 1648, 277, 223, 212, 205, 180, 149, 129, 1579, 61, 1573, 1583, 1608, 1599, 1584, 1545, 1529, 1518, 17, 19, 34, 90, 66, 243, 227, 144, 303, 257, 326, 364, 274, 260, 211, 286, 126, 255, 249, 247, 189, 180, 154, 178, 155, 65, 99, 135, 272, 243, 210, 198, 184, 244, 221, 208, 11, 50000, 11, 1514, 1522, 1535, 1531, 1534, 1551, 1554, 1563, 19, 17, 24, 34, 43, 1554, 67, 102, 124, 90, 105, 78, 32, 29, 24, 72, 69, 58, 44, 70, 59, 49, 57, 63, 54, 49, 39, 52, 60
925, 376, 258, 1703, 1673, 1672, 309, 250, 237, 226, 199, 168, 147, 1599, 78, 1591, 1602, 1624, 1608, 1589, 1555, 1536, 1525, 24, 25, 46, 101, 77, 258, 241, 153, 314, 267, 334, 368, 280, 265, 213, 285, 131, 249, 239, 234, 179, 173, 149, 167, 145, 52, 83, 117, 249, 220, 187, 175, 161, 217, 195, 179, 12, 11, 50000, 1512, 1518, 1529, 1526, 1530, 1544, 1545, 1553, 14, 12, 17, 24, 31, 1542, 52, 109, 129, 93, 102, 80, 31, 28, 20, 72, 66, 55, 42, 71, 60, 51, 59, 66, 58, 53, 44, 58, 68
2519, 1910, 1781, 217, 170, 163, 1848, 1789, 1777, 1769, 1740, 1704, 1680, 108, 1588, 96, 98, 109, 87, 67, 46, 31, 25, 1530, 1536, 1558, 1632, 1603, 1808, 1790, 1693, 1871, 1819, 1894, 1930, 1835, 1818, 1760, 1838, 1668, 1797, 1783, 1777, 1718, 1712, 1686, 1703, 1678, 1561, 1598, 1636, 1781, 1748, 1712, 1697, 1681, 1739, 1711, 1687, 1519, 1514, 1512, 50000, 11, 18, 16, 18, 28, 30, 37, 1511, 1513, 1519, 1525, 1527, 33, 1543, 1642, 1666, 1625, 1633, 1609, 1547, 1543, 1531, 1599, 1591, 1578, 1561, 1599, 1585, 1573, 1583, 1592, 1582, 1577, 1565, 1582, 1593
2602, 1952, 1811, 240, 176, 166, 1892, 1831, 1820, 1813, 1783, 1743, 1716, 125, 1605, 109, 103, 104, 76, 54, 45, 33, 31, 1541, 1551, 1576, 1664, 1631, 1858, 1839, 1733, 1926, 1871, 1950, 1987, 1886, 1868, 1805, 1887, 1705, 1840, 1823, 1814, 1753, 1747, 1720, 1735, 1708, 1570, 1612, 1653, 1807, 1772, 1733, 1716, 1697, 1756, 1724, 1692, 1530, 1522, 1518, 11, 50000, 12, 11, 12, 18, 21, 25, 1513, 1517, 1524, 1529, 1526, 27, 1537, 1676, 1702, 1656, 1664, 1639, 1566, 1561, 1544, 1626, 1616, 1601, 1582, 1626, 1610, 1597, 1609, 1619, 1608, 1601, 1587, 1608, 1620
2667, 2020, 1867, 286, 208, 192, 1957, 1891, 1878, 1870, 1836, 1793, 1763, 159, 1637, 139, 128, 120, 81, 54, 58, 47, 48, 1561, 1574, 1604, 1704, 1667, 1914, 1893, 1776, 1982, 1923, 2005, 2040, 1937, 1915, 1846, 1929, 1743, 1874, 1851, 1838, 1778, 1774, 1749, 1757, 1730, 1574, 1616, 1658, 1816, 1779, 1737, 1719, 1699, 1755, 1720, 1681, 1545, 1535, 1529, 18, 12, 50000, 10, 11, 12, 13, 15, 1516, 1524, 1528, 1530, 1522, 20, 1527, 1714, 1739, 1689, 1691, 1670, 1585, 1579, 1557, 1653, 1640, 1623, 1602, 1654, 1637, 1623, 1636, 1648, 1636, 1630, 1615, 1639, 1653
2666, 1998, 1848, 269, 193, 178, 1938, 1875, 1863, 1857, 1824, 1781, 1752, 146, 1626, 128, 116, 109, 74, 49, 51, 40, 42, 1555, 1568, 1596, 1695, 1659, 1904, 1883, 1769, 1974, 1915, 1998, 2035, 1930, 1910, 1842, 1927, 1737, 1874, 1853, 1842, 1780, 1775, 1748, 1760, 1732, 1577, 1621, 1664, 1824, 1787, 1745, 1727, 1707, 1765, 1730, 1692, 1542, 1531, 1526, 16, 11, 10, 50000, 10, 13, 15, 18, 1516, 1523, 1529, 1532, 1525, 23, 1532, 1707, 1734, 1685, 1689, 1666, 1583, 1577, 1556, 1650, 1638, 1621, 1601, 1651, 1634, 1619, 1633, 1644, 1631, 1625, 1610, 1633, 1647
2702, 1995, 1844, 263, 183, 167, 1939, 1878, 1868, 1864, 1832, 1787, 1758, 143, 1624, 123, 109, 99, 65, 42, 46, 37, 41, 1556, 1571, 1597, 1703, 1665, 1917, 1896, 1781, 1991, 1931, 2017, 2056, 1948, 1928, 1859, 1948, 1750, 1895, 1874, 1863, 1799, 1794, 1765, 1778, 1749, 1588, 1635, 1680, 1847, 1808, 1765, 1746, 1725, 1786, 1749, 1708, 1546, 1534, 1530, 18, 12, 11, 10, 50000, 12, 15, 18, 1519, 1527, 1535, 1539, 1530, 27, 1537, 1718, 1747, 1696, 1703, 1676, 1591, 1585, 1564, 1662, 1650, 1632, 1610, 1662, 1643, 1628, 1642, 1653, 1640, 1633, 1616, 1640, 1654
2767, 2071, 1907, 317, 222, 201, 2011, 1944, 1933, 1926, 1890, 1842, 1810, 183, 1662, 160, 141, 122, 76, 48, 65, 56, 63, 1581, 1598, 1631, 1747, 1705, 1977, 1954, 1828, 2050, 1987, 2075, 2111, 2001, 1978, 1904, 1992, 1791, 1931, 1904, 1889, 1826, 1823, 1796, 1802, 1772, 1593, 1641, 1686, 1855, 1815, 1770, 1749, 1727, 1785, 1744, 1696, 1565, 1551, 1544, 28, 18, 12, 13, 12, 50000, 11, 12, 1526, 1537, 1542, 1543, 1530, 23, 1530, 1759, 1788, 1732, 1733, 1710, 1613, 1606, 1580, 1691, 1676, 1657, 1633, 1693, 1673, 1657, 1673, 1686, 1672, 1665, 1648, 1675, 1691
2729, 2102, 1935, 346, 252, 232, 2033, 1961, 1946, 1935, 1898, 1851, 1819, 204, 1679, 181, 164, 147, 97, 64, 81, 69, 73, 1589, 1604, 1641, 1750, 1710, 1976, 1953, 1825, 2043, 1980, 2065, 2095, 1990, 1966, 1891, 1973, 1785, 1909, 1879, 1863, 1805, 1803, 1779, 1780, 1752, 1579, 1622, 1663, 1822, 1783, 1740, 1720, 1699, 1752, 1713, 1667, 1567, 1554, 1545, 30, 21, 13, 15, 15, 11, 50000, 10, 1525, 1535, 1537, 1536, 1523, 16, 1521, 1757, 1781, 1727, 1721, 1705, 1608, 1602, 1575, 1683, 1667, 1648, 1627, 1687, 1668, 1653, 1669, 1683, 1669, 1664, 1649, 1676, 1693
2764, 2132, 1960, 367, 267, 244, 2063, 1989, 1974, 1962, 1924, 1875, 1842, 220, 1695, 196, 176, 155, 101, 66, 89, 78, 83, 1601, 1617, 1656, 1770, 1728, 2004, 1980, 1847, 2071, 2007, 2093, 2122, 2016, 1991, 1913, 1996, 1805, 1929, 1897, 1879, 1821, 1820, 1796, 1795, 1766, 1585, 1629, 1671, 1832, 1792, 1748, 1727, 1706, 1758, 1717, 1668, 1577, 1563, 1553, 37, 25, 15, 18, 18, 12, 10, 50000, 1530, 1541, 1543, 1541, 1525, 17, 1521, 1776, 1801, 1745, 1737, 1722, 1621, 1614, 1584, 1699, 1681, 1662, 1640, 1703, 1684, 1668, 1685, 1699, 1685, 1680, 1665, 1692, 1710
998, 458, 322, 1756, 1707, 1699, 386, 319, 305, 291, 260, 224, 200, 1636, 112, 1623, 1626, 1636, 1607, 1581, 1564, 1546, 1538, 42, 46, 74, 144, 115, 321, 303, 200, 377, 325, 397, 426, 336, 317, 257, 329, 171, 283, 265, 256, 202, 198, 176, 186, 162, 46, 79, 113, 249, 217, 183, 168, 152, 205, 178, 153, 23, 19, 14, 1511, 1513, 1516, 1516, 1519, 1526, 1525, 1530, 50000, 11, 13, 17, 17, 1523, 30, 148, 168, 127, 127, 111, 46, 42, 28, 97, 87, 74, 59, 99, 85, 75, 85, 95, 85, 81, 72, 90, 102
929, 436, 308, 1748, 1711, 1707, 360, 293, 277, 262, 232, 199, 177, 1631, 106, 1621, 1630, 1648, 1623, 1597, 1571, 1550, 1538, 38, 38, 66, 123, 97, 285, 268, 172, 336, 287, 354, 381, 297, 278, 223, 290, 144, 247, 231, 224, 173, 169, 148, 159, 137, 38, 66, 98, 223, 195, 163, 150, 136, 187, 163, 145, 18, 17, 12, 1513, 1517, 1524, 1523, 1527, 1537, 1535, 1541, 11, 50000, 11, 15, 19, 1528, 35, 124, 141, 104, 104, 90, 34, 31, 19, 77, 68, 57, 44, 79, 67, 58, 67, 76, 67, 64, 57, 73, 84
894, 475, 345, 1784, 1749, 1745, 390, 317, 298, 277, 246, 214, 192, 1658, 129, 1648, 1660, 1680, 1650, 1618, 1592, 1568, 1553, 51, 49, 82, 131, 107, 290, 273, 174, 334, 286, 348, 369, 290, 271, 214, 275, 142, 229, 210, 200, 155, 153, 135, 140, 120, 26, 50, 77, 192, 165, 135, 123, 110, 155, 133, 117, 24, 24, 17, 1519, 1524, 1528, 1529, 1535, 1542, 1537, 1543, 13, 11, 50000, 11, 16, 1524, 29, 126, 139, 103, 96, 89, 33, 30, 18, 74, 63, 53, 42, 77, 66, 58, 68, 77, 69, 68, 63, 79, 90
899, 521, 385, 1821, 1781, 1776, 430, 352, 331, 306, 273, 240, 217, 1685, 154, 1674, 1685, 1703, 1666, 1631, 1609, 1583, 1568, 66, 63, 101, 151, 126, 313, 295, 191, 353, 304, 366, 382, 305, 284, 225, 282, 155, 231, 208, 197, 155, 154, 139, 138, 119, 21, 43, 68, 177, 151, 122, 109, 97, 138, 116, 97, 34, 34, 24, 1525, 1529, 1530, 1532, 1539, 1543, 1536, 1541, 17, 15, 11, 50000, 13, 1520, 22, 141, 152, 115, 102, 100, 41, 37, 22, 82, 69, 58, 48, 86, 76, 68, 78, 88, 81, 80, 77, 93, 106
1001, 576, 426, 1852, 1792, 1780, 487, 407, 386, 363, 328, 289, 263, 1707, 175, 1691, 1693, 1698, 1653, 1614, 1609, 1586, 1576, 80, 82, 123, 192, 162, 377, 356, 241, 422, 368, 436, 453, 370, 346, 280, 342, 201, 284, 256, 241, 197, 197, 181, 176, 155, 32, 58, 87, 208, 178, 145, 130, 115, 157, 129, 101, 47, 43, 31, 1527, 1526, 1522, 1525, 1530, 1530, 1523, 1525, 17, 19, 16, 13, 50000, 1512, 13, 184, 198, 154, 139, 137, 63, 58, 38, 115, 100, 87, 73, 120, 107, 97, 110, 122, 112, 111, 105, 125, 140
2592, 2123, 1962, 379, 303, 287, 2037, 1956, 1935, 1914, 1876, 1834, 1805, 227, 1697, 208, 202, 197, 145, 104, 111, 91, 86, 1595, 1602, 1645, 1729, 1695, 1933, 1912, 1787, 1983, 1925, 1999, 2017, 1928, 1902, 1831, 1898, 1743, 1834, 1802, 1784, 1737, 1738, 1721, 1714, 1691, 1545, 1577, 1608, 1740, 1707, 1670, 1653, 1636, 1679, 1646, 1610, 1562, 1554, 1542, 33, 27, 20, 23, 27, 23, 16, 17, 1523, 1528, 1524, 1520, 1512, 50000, 1511, 1724, 1740, 1691, 1674, 1671, 1585, 1580, 1555, 1647, 1630, 1615, 1598, 1653, 1638, 1626, 1640, 1654, 1643, 1641, 1633, 1656, 1673
1084, 667, 502, 1917, 1839, 1822, 574, 487, 465, 440, 400, 358, 329, 1757, 223, 1737, 1732, 1726, 1668, 1624, 1633, 1611, 1604, 113, 118, 166, 247, 213, 451, 429, 301, 496, 438, 509, 523, 437, 410, 337, 399, 254, 332, 296, 277, 234, 237, 222, 210, 187, 43, 71, 100, 224, 192, 156, 140, 123, 161, 130, 93, 73, 67, 52, 1543, 1537, 1527, 1532, 1537, 1530, 1521, 1521, 30, 35, 29, 22, 13, 1511, 50000, 237, 250, 201, 179, 181, 93, 88, 61, 154, 135, 120, 105, 162, 147, 135, 150, 165, 154, 153, 147, 170, 188
476, 230, 187, 1691, 1772, 1804, 144, 93, 75, 54, 42, 37, 35, 1631, 106, 1649, 1712, 1805, 1835, 1827, 1707, 1669, 1625, 91, 63, 67, 16, 22, 45, 39, 14, 66, 47, 78, 102, 56, 53, 38, 78, 12, 81, 97, 110, 73, 61, 44, 80, 70, 126, 126, 138, 199, 190, 181, 184, 184, 234, 242, 282, 81, 102, 109, 1642, 1676, 1714, 1707, 1718, 1759, 1757, 1776, 148, 124, 126, 141, 184, 1724, 237, 50000, 12, 12, 28, 14, 45, 48, 72, 22, 30, 34, 38, 18, 21, 24, 20, 16, 19, 21, 28, 20, 17
411, 273, 232, 1739, 1830, 1865, 174, 117, 95, 67, 54, 52, 51, 1671, 142, 1691, 1761, 1861, 1889, 1875, 1749, 1706, 1657, 119, 85, 94, 27, 37, 43, 37, 14, 53, 37, 60, 76, 40, 36, 23, 53, 10, 55, 70, 81, 51, 42, 29, 59, 53, 125, 117, 123, 166, 161, 156, 161, 163, 206, 218, 264, 100, 124, 129, 1666, 1702, 1739, 1734, 1747, 1788, 1781, 1801, 168, 141, 139, 152, 198, 1740, 250, 12, 50000, 13, 21, 16, 52, 57, 81, 22, 29, 35, 43, 20, 25, 30, 25, 21, 26, 29, 41, 31, 28
