50000, 981, 1036, 1830, 2110, 2196, 772, 675, 618, 529, 525, 572, 603, 1750, 984, 1812, 1987, 2214, 2268, 2227, 1971, 1867, 1741, 938, 834, 860, 567, 636, 352, 362, 413, 244, 278, 208, 156, 234, 236, 276, 197, 410, 233, 260, 282, 326, 326, 354, 357, 387, 739, 640, 576, 414, 455, 505, 540, 573, 559, 632, 780, 859, 930, 925, 1719, 1802, 1867, 1866, 1902, 1967, 1929, 1964, 998, 929, 894, 899, 1001, 1792, 1084, 476, 411, 477, 436, 504, 668, 685, 748, 511, 526, 562, 614, 519, 555, 588, 565, 551, 578, 604, 665, 619, 603
981, 50000, 26, 758, 865, 909, 23, 46, 62, 95, 107, 104, 106, 823, 138, 848, 901, 1002, 1111, 1166, 1006, 1002, 979, 251, 244, 182, 169, 172, 190, 189, 220, 282, 266, 327, 421, 326, 345, 351, 456, 270, 512, 576, 616, 524, 489, 437, 548, 523, 575, 617, 668, 829, 809, 783, 784, 777, 887, 889, 933, 324, 337, 376, 1110, 1152, 1220, 1198, 1195, 1271, 1302, 1332, 458, 436, 475, 521, 576, 1323, 667, 230, 273, 275, 377, 283, 342, 347, 395, 329, 363, 363, 353, 304, 303, 298, 287, 272, 271, 257, 238, 225, 211
1036, 26, 50000, 718, 782, 814, 37, 49, 64, 95, 100, 87, 82, 755, 68, 771, 805, 881, 965, 1010, 885, 884, 871, 154, 155, 106, 127, 120, 195, 190, 193, 292, 266, 338, 428, 323, 335, 326, 436, 230, 473, 523, 554, 461, 430, 379, 477, 449, 448, 497, 552, 729, 702, 670, 666, 654, 761, 752, 776, 218, 224, 258, 981, 1011, 1067, 1048, 1044, 1107, 1135, 1160, 322, 308, 345, 385, 426, 1162, 502, 187, 232, 221, 312, 223, 251, 253, 288, 260, 286, 282, 266, 238, 232, 224, 218, 208, 203, 189, 166, 161, 153
1830, 758, 718, 50000, 41, 62, 771, 779, 793, 826, 826, 805, 795, 29, 741, 37, 57, 112, 181, 220, 121, 124, 120, 812, 821, 779, 829, 813, 934, 926, 909, 1039, 1004, 1085, 1176, 1060, 1069, 1049, 1165, 938, 1189, 1230, 1255, 1159, 1130, 1078, 1169, 1137, 1094, 1151, 1211, 1404, 1372, 1334, 1325, 1310, 1417, 1399, 1407, 873, 873, 903, 217, 240, 286, 269, 263, 317, 346, 367, 956, 948, 984, 1021, 1052, 379, 1117, 891, 939, 918, 1004, 916, 920, 920, 945, 946, 968, 959, 939, 927, 916, 905, 902, 896, 888, 873, 847, 848, 843
2110, 865, 782, 41, 50000, 12, 889, 892, 909, 948, 940, 904, 883, 36, 751, 30, 20, 35, 78, 111, 60, 75, 89, 799, 825, 793, 903, 870, 1079, 1065, 1013, 1204, 1154, 1256, 1352, 1213, 1214, 1173, 1308, 1030, 1310, 1336, 1352, 1246, 1220, 1163, 1245, 1205, 1078, 1153, 1225, 1459, 1416, 1364, 1347, 1324, 1434, 1400, 1376, 860, 848, 873, 170, 176, 208, 193, 183, 222, 252, 267, 907, 911, 949, 981, 992, 303, 1039, 972, 1030, 990, 1072, 979, 938, 934, 942, 1001, 1014, 997, 967, 982, 964, 946, 950, 950, 936, 917, 882, 896, 897
2196, 909, 814, 62, 12, 50000, 935, 936, 954, 994, 983, 943, 919, 49, 764, 38, 20, 23, 58, 89, 52, 70, 89, 805, 835, 806, 934, 895, 1131, 1115, 1052, 1260, 1205, 1314, 1410, 1265, 1264, 1216, 1356, 1065, 1351, 1372, 1385, 1277, 1252, 1194, 1272, 1231, 1079, 1159, 1234, 1479, 1432, 1377, 1357, 1332, 1443, 1403, 1370, 865, 848, 872, 163, 166, 192, 178, 167, 201, 232, 244, 899, 907, 945, 976, 980, 287, 1022, 1004, 1065, 1019, 1098, 1005, 950, 946, 948, 1024, 1034, 1015, 982, 1006, 985, 965, 972, 973, 957, 938, 901, 918, 922
772, 23, 37, 771, 889, 935, 50000, 16, 23, 41, 49, 50, 54, 812, 117, 840, 903, 1013, 1110, 1151, 988, 972, 939, 205, 188, 140, 101, 110, 105, 104, 131, 174, 162, 210, 285, 208, 224, 231, 315, 172, 364, 421, 457, 381, 351, 308, 404, 385, 460, 487, 526, 652, 637, 619, 623, 620, 714, 722, 774, 258, 277, 309, 1048, 1092, 1157, 1138, 1139, 1211, 1233, 1263, 386, 360, 390, 430, 487, 1237, 574, 144, 174, 181, 264, 190, 255, 260, 308, 229, 259, 263, 259, 209, 211, 211, 199, 185, 186, 177, 167, 152, 139
675, 46, 49, 779, 892, 936, 16, 50000, 11, 20, 24, 25, 28, 799, 97, 825, 890, 999, 1083, 1113, 956, 936, 899, 164, 144, 106, 61, 70, 67, 65, 83, 125, 111, 154, 218, 150, 162, 165, 238, 115, 279, 328, 359, 292, 266, 229, 312, 295, 371, 391, 423, 533, 520, 505, 509, 507, 591, 600, 651, 203, 223, 250, 989, 1031, 1091, 1075, 1078, 1144, 1161, 1189, 319, 293, 317, 352, 407, 1156, 487, 93, 117, 123, 192, 131, 191, 196, 239, 164, 190, 194, 192, 147, 150, 151, 140, 128, 130, 124, 118, 103, 92
618, 62, 64, 793, 909, 954, 23, 11, 50000, 14, 17, 18, 22, 806, 100, 832, 900, 1011, 1091, 1116, 959, 935, 895, 158, 135, 102, 50, 60, 50, 49, 64, 101, 88, 127, 185, 122, 133, 136, 203, 93, 241, 287, 316, 254, 230, 197, 274, 259, 342, 357, 385, 483, 472, 460, 465, 464, 543, 553, 607, 191, 212, 237, 977, 1020, 1078, 1063, 1068, 1133, 1146, 1174, 305, 277, 298, 331, 386, 1135, 465, 75, 95, 103, 164, 111, 171, 177, 220, 141, 165, 170, 171, 126, 130, 131, 121, 110, 112, 107, 104, 89, 79
529, 95, 95, 826, 948, 994, 41, 20, 14, 50000, 11, 14, 19, 826, 115, 853, 927, 1043, 1116, 1135, 975, 945, 900, 159, 131, 105, 38, 52, 29, 28, 41, 67, 57, 88, 136, 84, 92, 96, 151, 65, 185, 227, 255, 202, 180, 152, 220, 209, 305, 312, 333, 412, 404, 395, 402, 403, 474, 488, 546, 181, 205, 226, 969, 1013, 1070, 1057, 1064, 1126, 1135, 1162, 291, 262, 277, 306, 363, 1114, 440, 54, 67, 77, 128, 85, 149, 156, 197, 112, 134, 141, 145, 100, 105, 109, 98, 88, 92, 89, 91, 75, 65
525, 107, 100, 826, 940, 983, 49, 24, 17, 11, 50000, 11, 15, 817, 104, 842, 913, 1025, 1091, 1106, 954, 923, 879, 140, 112, 90, 28, 40, 27, 25, 32, 64, 52, 84, 129, 77, 84, 84, 138, 52, 167, 205, 230, 179, 159, 132, 196, 184, 271, 278, 298, 377, 368, 359, 365, 365, 434, 446, 500, 157, 180, 199, 940, 983, 1036, 1024, 1032, 1090, 1098, 1124, 260, 232, 246, 273, 328, 1076, 400, 42, 54, 62, 108, 69, 127, 132, 171, 93, 113, 119, 122, 82, 86, 90, 80, 71, 74, 72, 74, 60, 51
572, 104, 87, 805, 904, 943, 50, 25, 18, 14, 11, 50000, 10, 791, 79, 813, 877, 979, 1039, 1053, 913, 885, 845, 111, 88, 68, 21, 29, 38, 34, 33, 80, 64, 102, 149, 90, 96, 91, 150, 51, 174, 209, 232, 178, 158, 130, 192, 179, 245, 256, 280, 370, 358, 346, 349, 348, 418, 426, 472, 129, 149, 168, 904, 943, 993, 981, 987, 1042, 1051, 1075, 224, 199, 214, 240, 289, 1034, 358, 37, 52, 55, 101, 60, 107, 112, 146, 82, 101, 104, 105, 71, 74, 76, 68, 60, 62, 59, 58, 47, 39
603, 106, 82, 795, 883, 919, 54, 28, 22, 19, 15, 10, 50000, 777, 65, 796, 855, 950, 1006, 1019, 887, 861, 824, 93, 72, 54, 18, 23, 46, 42, 35, 92, 73, 115, 163, 100, 104, 96, 158, 50, 179, 211, 232, 176, 157, 128, 189, 174, 226, 241, 266, 363, 350, 335, 337, 334, 404, 409, 450, 111, 129, 147, 880, 916, 963, 952, 958, 1010, 1019, 1042, 200, 177, 192, 217, 263, 1005, 329, 35, 51, 51, 97, 55, 94, 98, 130, 76, 93, 95, 94, 65, 66, 67, 60, 53, 54, 50, 48, 39, 32
1750, 823, 755, 29, 36, 49, 812, 799, 806, 826, 817, 791, 777, 50000, 711, 11, 25, 67, 108, 128, 53, 51, 46, 742, 750, 728, 786, 766, 912, 901, 859, 1004, 964, 1043, 1117, 1008, 1008, 976, 1081, 871, 1085, 1109, 1124, 1040, 1018, 974, 1042, 1012, 946, 997, 1050, 1228, 1196, 1158, 1148, 1133, 1224, 1203, 1201, 781, 779, 799, 108, 125, 159, 146, 143, 183, 204, 220, 836, 831, 858, 885, 907, 227, 957, 831, 871, 845, 906, 838, 822, 821, 834, 856, 868, 858, 840, 842, 831, 820, 821, 819, 811, 798, 777, 783, 783
984, 138, 68, 741, 751, 764, 117, 97, 100, 115, 104, 79, 65, 711, 50000, 713, 731, 774, 809, 824, 750, 744, 735, 30, 35, 18, 68, 49, 190, 179, 134, 274, 234, 309, 376, 273, 272, 240, 337, 142, 337, 358, 371, 293, 273, 232, 294, 266, 206, 252, 300, 466, 436, 401, 391, 377, 462, 444, 443, 61, 61, 78, 788, 805, 837, 826, 824, 862, 879, 895, 112, 106, 129, 154, 175, 897, 223, 106, 142, 116, 170, 110, 94, 93, 106, 125, 135, 126, 110, 113, 103, 93, 94, 93, 85, 75, 56, 62, 63
1812, 848, 771, 37, 30, 38, 840, 825, 832, 853, 842, 813, 796, 11, 713, 50000, 17, 49, 84, 103, 39, 39, 38, 738, 750, 731, 802, 778, 945, 932, 882, 1041, 997, 1081, 1155, 1041, 1040, 1003, 1112, 891, 1110, 1131, 1144, 1057, 1036, 991, 1057, 1025, 940, 995, 1051, 1238, 1203, 1162, 1150, 1133, 1225, 1200, 1191, 777, 773, 791, 96, 109, 139, 128, 123, 160, 181, 196, 823, 821, 848, 874, 891, 208, 937, 849, 891, 860, 920, 851, 824, 823, 832, 867, 877, 866, 844, 854, 840, 828, 831, 830, 820, 807, 784, 793, 795
1987, 901, 805, 57, 20, 20, 903, 890, 900, 927, 913, 877, 855, 25, 731, 17, 50000, 22, 48, 68, 26, 33, 42, 752, 773, 755, 857, 825, 1035, 1020, 955, 1145, 1094, 1189, 1270, 1141, 1138, 1092, 1213, 962, 1203, 1219, 1229, 1135, 1114, 1065, 1130, 1094, 967, 1033, 1097, 1309, 1268, 1220, 1203, 1182, 1279, 1246, 1221, 795, 783, 802, 98, 103, 128, 116, 109, 141, 164, 176, 826, 830, 860, 885, 893, 202, 932, 912, 961, 920, 983, 908, 860, 856, 859, 921, 929, 913, 886, 907, 890, 873, 879, 881, 868, 853, 823, 838, 843
2214, 1002, 881, 112, 35, 23, 1013, 999, 1011, 1043, 1025, 979, 950, 67, 774, 49, 22, 50000, 20, 37, 25, 40, 62, 783, 816, 802, 944, 901, 1168, 1150, 1063, 1292, 1231, 1341, 1426, 1281, 1274, 1215, 1349, 1063, 1326, 1333, 1338, 1236, 1216, 1164, 1224, 1183, 1002, 1080, 1153, 1392, 1344, 1287, 1265, 1238, 1339, 1294, 1249, 827, 808, 824, 109, 104, 120, 109, 99, 122, 147, 155, 836, 848, 880, 903, 898, 197, 926, 1005, 1061, 1008, 1070, 990, 914, 908, 899, 998, 1001, 980, 946, 985, 963, 941, 952, 957, 940, 922, 887, 909, 918
2268, 1111, 965, 181, 78, 58, 1110, 1083, 1091, 1116, 1091, 1039, 1006, 108, 809, 84, 48, 20, 50000, 14, 26, 39, 64, 791, 826, 826, 983, 934, 1233, 1211, 1104, 1352, 1285, 1398, 1474, 1329, 1315, 1246, 1376, 1091, 1337, 1331, 1328, 1232, 1216, 1168, 1214, 1172, 963, 1041, 1111, 1349, 1299, 1240, 1215, 1187, 1279, 1229, 1173, 822, 799, 808, 87, 76, 81, 74, 65, 76, 97, 101, 807, 823, 850, 866, 853, 145, 868, 1035, 1089, 1028, 1075, 1007, 910, 903, 884, 1006, 1002, 978, 943, 997, 972, 949, 963, 972, 954, 937, 903, 931, 943
2227, 1166, 1010, 220, 111, 89, 1151, 1113, 1116, 1135, 1106, 1053, 1019, 128, 824, 103, 68, 37, 14, 50000, 29, 38, 60, 787, 820, 829, 983, 934, 1237, 1215, 1098, 1347, 1279, 1388, 1455, 1316, 1299, 1226, 1347, 1078, 1300, 1287, 1280, 1191, 1179, 1135, 1170, 1130, 918, 990, 1056, 1281, 1232, 1175, 1150, 1123, 1207, 1157, 1099, 806, 784, 789, 67, 54, 54, 49, 42, 48, 64, 66, 781, 797, 818, 831, 814, 104, 824, 1027, 1075, 1013, 1048, 991, 888, 880, 858, 984, 976, 953, 919, 978, 953, 931, 947, 958, 939, 925, 894, 923, 937
1971, 1006, 885, 121, 60, 52, 988, 956, 959, 975, 954, 913, 887, 53, 750, 39, 26, 25, 26, 29, 50000, 12, 21, 735, 756, 755, 866, 829, 1066, 1048, 960, 1164, 1108, 1202, 1268, 1145, 1134, 1078, 1188, 951, 1160, 1161, 1162, 1077, 1062, 1021, 1065, 1031, 882, 942, 1001, 1200, 1159, 1111, 1093, 1071, 1155, 1118, 1084, 758, 745, 755, 46, 45, 58, 51, 46, 65, 81, 89, 764, 771, 792, 809, 809, 111, 833, 907, 949, 903, 944, 887, 819, 814, 806, 888, 888, 870, 844, 880, 861, 844, 854, 860, 846, 834, 808, 828, 836
1867, 1002, 884, 124, 75, 70, 972, 936, 935, 945, 923, 885, 861, 51, 744, 39, 33, 40, 39, 38, 12, 50000, 13, 722, 738, 741, 836, 803, 1021, 1004, 919, 1110, 1056, 1144, 1202, 1088, 1077, 1023, 1124, 908, 1096, 1095, 1096, 1019, 1005, 968, 1007, 976, 845, 898, 950, 1133, 1095, 1052, 1035, 1015, 1093, 1060, 1032, 738, 729, 736, 31, 33, 47, 40, 37, 56, 69, 78, 746, 750, 768, 783, 786, 91, 811, 869, 906, 863, 898, 849, 788, 784, 777, 849, 848, 832, 809, 842, 825, 811, 820, 825, 813, 803, 781, 798, 807
1741, 979, 871, 120, 89, 89, 939, 899, 895, 900, 879, 845, 824, 46, 735, 38, 42, 62, 64, 60, 21, 13, 50000, 712, 721, 726, 799, 772, 962, 946, 869, 1039, 991, 1069, 1122, 1018, 1008, 959, 1050, 858, 1026, 1027, 1028, 958, 945, 911, 949, 921, 817, 861, 907, 1070, 1037, 999, 985, 968, 1041, 1014, 996, 723, 718, 725, 25, 31, 48, 42, 41, 63, 73, 83, 738, 738, 753, 768, 776, 86, 804, 825, 857, 820, 850, 807, 760, 757, 754, 808, 808, 795, 776, 802, 788, 776, 783, 788, 778, 769, 752, 766, 773
938, 251, 154, 812, 799, 805, 205, 164, 158, 159, 140, 111, 93, 742, 30, 738, 752, 783, 791, 787, 735, 722, 712, 50000, 13, 16, 70, 48, 211, 197, 128, 280, 236, 308, 356, 262, 253, 209, 293, 120, 274, 278, 281, 216, 203, 171, 209, 184, 106, 144, 185, 333, 303, 269, 258, 244, 314, 292, 284, 18, 17, 24, 730, 741, 761, 755, 756, 781, 789, 801, 42, 38, 51, 66, 80, 795, 113, 91, 119, 88, 117, 78, 43, 41, 43, 80, 82, 72, 56, 74, 63, 54, 59, 62, 54, 47, 33, 44, 49
834, 244, 155, 821, 825, 835, 188, 144, 135, 131, 112, 88, 72, 750, 35, 750, 773, 816, 826, 820, 756, 738, 721, 13, 50000, 15, 48, 31, 169, 156, 94, 228, 188, 252, 294, 210, 201, 163, 237, 86, 220, 226, 230, 171, 159, 131, 167, 145, 91, 121, 156, 286, 260, 231, 223, 211, 276, 260, 261, 15, 19, 25, 736, 751, 774, 768, 771, 798, 804, 817, 46, 38, 49, 63, 82, 802, 118, 63, 85, 60, 85, 52, 28, 28, 33, 54, 57, 49, 38, 49, 41, 34, 37, 40, 34, 28, 19, 26, 31
860, 182, 106, 779, 793, 806, 140, 106, 102, 105, 90, 68, 54, 728, 18, 731, 755, 802, 826, 829, 755, 741, 726, 16, 15, 50000, 43, 27, 156, 144, 94, 223, 186, 251, 303, 214, 209, 176, 257, 94, 250, 264, 273, 207, 191, 159, 206, 183, 136, 171, 210, 350, 324, 294, 286, 274, 347, 332, 336, 31, 34, 46, 758, 776, 804, 796, 797, 831, 841, 856, 74, 66, 82, 101, 123, 845, 166, 67, 94, 70, 108, 64, 49, 48, 59, 73, 79, 72, 60, 65, 56, 49, 51, 51, 45, 38, 26, 31, 33
567, 169, 127, 829, 903, 934, 101, 61, 50, 38, 28, 21, 18, 786, 68, 802, 857, 944, 983, 983, 866, 836, 799, 70, 48, 43, 50000, 12, 51, 45, 22, 88, 66, 106, 142, 84, 83, 68, 122, 27, 129, 151, 166, 118, 103, 80, 126, 112, 152, 161, 182, 268, 255, 241, 242, 239, 299, 303, 338, 73, 90, 101, 832, 864, 904, 895, 903, 947, 950, 970, 144, 123, 131, 151, 192, 929, 247, 16, 27, 23, 53, 25, 51, 55, 79, 37, 48, 50, 50, 30, 31, 32, 27, 23, 24, 22, 23, 17, 14
636, 172, 120, 813, 870, 895, 110, 70, 60, 52, 40, 29, 23, 766, 49, 778, 825, 901, 934, 934, 829, 803, 772, 48, 31, 27, 12, 50000, 73, 66, 34, 117, 91, 138, 177, 111, 109, 88, 149, 37, 152, 170, 183, 131, 116, 91, 136, 120, 136, 152, 177, 276, 260, 241, 240, 235, 297, 296, 322, 53, 66, 77, 803, 831, 867, 859, 865, 905, 910, 928, 115, 97, 107, 126, 162, 895, 213, 22, 37, 28, 58, 27, 42, 44, 64, 38, 47, 46, 43, 31, 29, 28, 25, 22, 21, 18, 16, 13, 12
352, 190, 195, 934, 1079, 1131, 105, 67, 50, 29, 27, 38, 46, 912, 190, 945, 1035, 1168, 1233, 1237, 1066, 1021, 962, 211, 169, 156, 51, 73, 50000, 10, 25, 20, 16, 30, 57, 29, 34, 43, 72, 41, 102, 139, 163, 130, 113, 96, 149, 145, 282, 269, 274, 308, 309, 311, 322, 328, 381, 405, 477, 211, 243, 258, 1008, 1058, 1114, 1104, 1117, 1177, 1176, 1204, 321, 285, 290, 313, 377, 1133, 451, 45, 43, 62, 92, 73, 150, 158, 202, 94, 113, 124, 137, 86, 96, 106, 93, 83, 91, 94, 107, 86, 76
362, 189, 190, 926, 1065, 1115, 104, 65, 49, 28, 25, 34, 42, 901, 179, 932, 1020, 1150, 1211, 1215, 1048, 1004, 946, 197, 156, 144, 45, 66, 10, 50000, 21, 21, 16, 32, 59, 29, 34, 40, 70, 36, 98, 133, 157, 122, 106, 89, 141, 137, 266, 254, 260, 297, 296, 297, 308, 313, 367, 389, 458, 196, 227, 241, 990, 1039, 1093, 1083, 1096, 1154, 1153, 1180, 303, 268, 273, 295, 356, 1112, 429, 39, 37, 55, 84, 65, 138, 145, 187, 85, 103, 114, 125, 77, 87, 95, 84, 74, 82, 84, 97, 77, 68
413, 220, 193, 909, 1013, 1052, 131, 83, 64, 41, 32, 33, 35, 859, 134, 882, 955, 1063, 1104, 1098, 960, 919, 869, 128, 94, 94, 22, 34, 25, 21, 50000, 40, 27, 50, 73, 36, 35, 28, 62, 13, 74, 96, 112, 78, 65, 49, 89, 82, 168, 161, 170, 218, 213, 208, 215, 217, 266, 280, 332, 119, 144, 153, 893, 933, 976, 969, 981, 1028, 1025, 1047, 200, 172, 174, 191, 241, 987, 301, 14, 14, 20, 39, 25, 72, 78, 108, 37, 49, 55, 63, 32, 38, 44, 37, 31, 36, 38, 48, 36, 31
244, 282, 292, 1039, 1204, 1260, 174, 125, 101, 67, 64, 80, 92, 1004, 274, 1041, 1145, 1292, 1352, 1347, 1164, 1110, 1039, 280, 228, 223, 88, 117, 20, 21, 40, 50000, 11, 11, 24, 14, 18, 30, 41, 52, 70, 104, 127, 107, 94, 85, 128, 130, 300, 272, 265, 265, 273, 282, 297, 308, 349, 381, 464, 265, 303, 314, 1071, 1126, 1182, 1174, 1191, 1250, 1243, 1271, 377, 336, 334, 353, 422, 1183, 496, 66, 53, 79, 96, 92, 183, 192, 237, 110, 128, 143, 162, 105, 120, 133, 119, 109, 120, 127, 148, 124, 113
278, 266, 266, 1004, 1154, 1205, 162, 111, 88, 57, 52, 64, 73, 964, 234, 997, 1094, 1231, 1285, 1279, 1108, 1056, 991, 236, 188, 186, 66, 91, 16, 16, 27, 11, 50000, 15, 29, 13, 16, 23, 38, 36, 63, 93, 114, 91, 78, 68, 109, 109, 258, 235, 231, 242, 247, 253, 266, 275, 317, 344, 419, 222, 257, 267, 1019, 1071, 1123, 1115, 1131, 1187, 1180, 1207, 325, 287, 286, 304, 368, 1125, 438, 47, 37, 58, 74, 69, 148, 156, 197, 85, 101, 113, 130, 80, 93, 104, 92, 83, 92, 98, 117, 96, 87
208, 327, 338, 1085, 1256, 1314, 210, 154, 127, 88, 84, 102, 115, 1043, 309, 1081, 1189, 1341, 1398, 1388, 1202, 1144, 1069, 308, 252, 251, 106, 138, 30, 32, 50, 11, 15, 50000, 16, 12, 16, 29, 32, 59, 59, 91, 113, 99, 87, 82, 119, 123, 304, 270, 258, 246, 255, 268, 284, 297, 332, 366, 453, 285, 326, 334, 1094, 1150, 1205, 1198, 1217, 1275, 1265, 1293, 397, 354, 348, 366, 436, 1199, 509, 78, 60, 88, 98, 102, 195, 204, 250, 118, 134, 150, 172, 114, 130, 145, 131, 120, 133, 141, 166, 141, 130
156, 421, 428, 1176, 1352, 1410, 285, 218, 185, 136, 129, 149, 163, 1117, 376, 1155, 1270, 1426, 1474, 1455, 1268, 1202, 1122, 356, 294, 303, 142, 177, 57, 59, 73, 24, 29, 16, 50000, 18, 19, 31, 21, 75, 43, 69, 87, 84, 76, 77, 103, 111, 305, 262, 241, 206, 220, 237, 255, 269, 294, 332, 423, 320, 364, 368, 1130, 1187, 1240, 1235, 1256, 1311, 1295, 1322, 426, 381, 369, 382, 453, 1217, 523, 102, 76, 107, 103, 121, 216, 226, 270, 132, 145, 163, 189, 132, 150, 166, 152, 143, 157, 169, 199, 173, 163
234, 326, 323, 1060, 1213, 1265, 208, 150, 122, 84, 77, 90, 100, 1008, 273, 1041, 1141, 1281, 1329, 1316, 1145, 1088, 1018, 262, 210, 214, 84, 111, 29, 29, 36, 14, 13, 12, 18, 50000, 10, 17, 23, 39, 43, 69, 87, 72, 62, 56, 89, 92, 248, 219, 209, 205, 212, 221, 235, 245, 280, 309, 387, 237, 274, 280, 1035, 1086, 1137, 1130, 1148, 1201, 1190, 1216, 336, 297, 290, 305, 370, 1128, 437, 56, 40, 63, 69, 74, 154, 162, 202, 86, 100, 114, 133, 84, 98, 110, 99, 90, 101, 109, 132, 110, 102
236, 345, 335, 1069, 1214, 1264, 224, 162, 133, 92, 84, 96, 104, 1008, 272, 1040, 1138, 1274, 1315, 1299, 1134, 1077, 1008, 253, 201, 209, 83, 109, 34, 34, 35, 18, 16, 16, 19, 10, 50000, 13, 18, 35, 34, 56, 72, 58, 50, 45, 74, 76, 226, 196, 186, 180, 187, 196, 209, 219, 251, 279, 354, 224, 260, 265, 1018, 1068, 1115, 1110, 1128, 1178, 1166, 1191, 317, 278, 271, 284, 346, 1102, 410, 53, 36, 57, 59, 67, 141, 149, 186, 76, 88, 101, 120, 75, 88, 101, 90, 83, 93, 102, 125, 105, 97
276, 351, 326, 1049, 1173, 1216, 231, 165, 136, 96, 84, 91, 96, 976, 240, 1003, 1092, 1215, 1246, 1226, 1078, 1023, 959, 209, 163, 176, 68, 88, 43, 40, 28, 30, 23, 29, 31, 17, 13, 50000, 18, 23, 25, 41, 54, 38, 31, 27, 50, 50, 173, 148, 140, 145, 148, 153, 163, 171, 203, 226, 290, 178, 211, 213, 960, 1005, 1046, 1042, 1059, 1104, 1091, 1113, 257, 223, 214, 225, 280, 1031, 337, 38, 23, 38, 36, 45, 104, 110, 141, 50, 58, 69, 85, 50, 61, 72, 63, 58, 67, 75, 95, 79, 74
197, 456, 436, 1165, 1308, 1356, 315, 238, 203, 151, 138, 150, 158, 1081, 337, 1112, 1213, 1349, 1376, 1347, 1188, 1124, 1050, 293, 237, 257, 122, 149, 72, 70, 62, 41, 38, 32, 21, 23, 18, 18, 50000, 53, 16, 29, 40, 38, 33, 36, 50, 56, 210, 171, 152, 126, 135, 148, 161, 173, 193, 223, 299, 248, 286, 285, 1038, 1087, 1129, 1127, 1148, 1192, 1173, 1196, 329, 290, 275, 282, 342, 1098, 399, 78, 53, 74, 59, 83, 153, 161, 194, 85, 92, 107, 129, 88, 103, 117, 107, 102, 113, 125, 153, 134, 128
410, 270, 230, 938, 1030, 1065, 172, 115, 93, 65, 52, 51, 50, 871, 142, 891, 962, 1063, 1091, 1078, 951, 908, 858, 120, 86, 94, 27, 37, 41, 36, 13, 52, 36, 59, 75, 39, 35, 23, 53, 50000, 56, 71, 82, 53, 43, 30, 60, 54, 128, 120, 126, 169, 164, 159, 164, 166, 210, 221, 269, 102, 126, 131, 868, 905, 943, 937, 950, 991, 985, 1005, 171, 144, 142, 155, 201, 943, 254, 12, 10, 13, 22, 16, 54, 58, 83, 23, 30, 36, 44, 20, 26, 31, 25, 22, 26, 30, 41, 31, 29
233, 512, 473, 1189, 1310, 1351, 364, 279, 241, 185, 167, 174, 179, 1085, 337, 1110, 1203, 1326, 1337, 1300, 1160, 1096, 1026, 274, 220, 250, 129, 152, 102, 98, 74, 70, 63, 59, 43, 43, 34, 25, 16, 56, 50000, 13, 19, 19, 18, 23, 26, 32, 159, 122, 103, 79, 86, 96, 107, 117, 132, 158, 223, 220, 255, 249, 997, 1040, 1074, 1074, 1095, 1131, 1109, 1129, 283, 247, 229, 231, 284, 1034, 332, 81, 55, 70, 45, 76, 129, 136, 161, 71, 73, 85, 106, 77, 89, 102, 95, 93, 103, 115, 143, 128, 126
260, 576, 523, 1230, 1336, 1372, 421, 328, 287, 227, 205, 209, 211, 1109, 358, 1131, 1219, 1333, 1331, 1287, 1161, 1095, 1027, 278, 226, 264, 151, 170, 139, 133, 96, 104, 93, 91, 69, 69, 56, 41, 29, 71, 13, 50000, 11, 14, 16, 23, 17, 23, 134, 96, 76, 50, 56, 65, 75, 84, 94, 117, 175, 215, 249, 239, 983, 1023, 1051, 1053, 1074, 1104, 1079, 1097, 265, 231, 210, 208, 256, 1002, 296, 97, 70, 80, 46, 84, 126, 131, 151, 74, 72, 83, 103, 82, 93, 105, 101, 100, 110, 123, 152, 140, 140
282, 616, 554, 1255, 1352, 1385, 457, 359, 316, 255, 230, 232, 232, 1124, 371, 1144, 1229, 1338, 1328, 1280, 1162, 1096, 1028, 281, 230, 273, 166, 183, 163, 157, 112, 127, 114, 113, 87, 87, 72, 54, 40, 82, 19, 11, 50000, 14, 18, 27, 15, 21, 122, 84, 63, 37, 42, 50, 59, 68, 75, 96, 150, 215, 247, 234, 977, 1014, 1038, 1042, 1063, 1089, 1063, 1079, 256, 224, 200, 197, 241, 984, 277, 110, 81, 89, 50, 91, 126, 131, 147, 78, 74, 84, 103, 88, 98, 110, 106, 107, 116, 129, 159, 148, 150
326, 524, 461, 1159, 1246, 1277, 381, 292, 254, 202, 179, 178, 176, 1040, 293, 1057, 1135, 1236, 1232, 1191, 1077, 1019, 958, 216, 171, 207, 118, 131, 130, 122, 78, 107, 91, 99, 84, 72, 58, 38, 38, 53, 19, 14, 14, 50000, 10, 14, 11, 12, 95, 66, 54, 49, 50, 54, 60, 66, 83, 99, 147, 160, 189, 179, 918, 953, 978, 980, 999, 1026, 1005, 1021, 202, 173, 155, 155, 197, 937, 234, 73, 51, 55, 27, 57, 85, 90, 105, 47, 44, 52, 67, 54, 62, 71, 68, 69, 76, 86, 110, 102, 103
326, 489, 430, 1130, 1220, 1252, 351, 266, 230, 180, 159, 158, 157, 1018, 273, 1036, 1114, 1216, 1216, 1179, 1062, 1005, 945, 203, 159, 191, 103, 116, 113, 106, 65, 94, 78, 87, 76, 62, 50, 31, 33, 43, 18, 16, 18, 10, 50000, 11, 12, 13, 97, 70, 60, 60, 60, 63, 70, 76, 95, 111, 160, 152, 180, 173, 912, 947, 974, 975, 994, 1023, 1003, 1020, 198, 169, 153, 154, 197, 938, 237, 61, 42, 46, 22, 48, 79, 84, 101, 40, 39, 47, 62, 46, 54, 63, 60, 60, 67, 76, 99, 90, 91
354, 437, 379, 1078, 1163, 1194, 308, 229, 197, 152, 132, 130, 128, 974, 232, 991, 1065, 1164, 1168, 1135, 1021, 968, 911, 171, 131, 159, 80, 91, 96, 89, 49, 85, 68, 82, 77, 56, 45, 27, 36, 30, 23, 23, 27, 14, 11, 50000, 16, 15, 90, 69, 63, 76, 74, 74, 80, 84, 109, 123, 169, 127, 154, 149, 886, 920, 949, 948, 965, 996, 979, 996, 176, 148, 135, 139, 181, 921, 222, 44, 29, 32, 15, 34, 62, 67, 84, 28, 28, 35, 47, 32, 39, 47, 43, 43, 49, 57, 77, 68, 69
357, 548, 477, 1169, 1245, 1272, 404, 312, 274, 220, 196, 192, 189, 1042, 294, 1057, 1130, 1224, 1214, 1170, 1065, 1007, 949, 209, 167, 206, 126, 136, 149, 141, 89, 128, 109, 119, 103, 89, 74, 50, 50, 60, 26, 17, 15, 11, 12, 16, 50000, 10, 80, 53, 41, 40, 40, 41, 47, 52, 67, 80, 123, 151, 178, 167, 903, 935, 957, 960, 978, 1002, 980, 995, 186, 159, 140, 138, 176, 914, 210, 80, 59, 59, 28, 59, 80, 84, 96, 47, 42, 49, 63, 55, 61, 70, 68, 70, 76, 87, 110, 104, 107
387, 523, 449, 1137, 1205, 1231, 385, 295, 259, 209, 184, 179, 174, 1012, 266, 1025, 1094, 1183, 1172, 1130, 1031, 976, 921, 184, 145, 183, 112, 120, 145, 137, 82, 130, 109, 123, 111, 92, 76, 50, 56, 54, 32, 23, 21, 12, 13, 15, 10, 50000, 67, 44, 36, 45, 43, 42, 46, 49, 68, 79, 117, 130, 155, 145, 878, 908, 930, 932, 949, 972, 952, 966, 162, 137, 120, 119, 155, 891, 187, 70, 53, 51, 22, 50, 65, 69, 79, 38, 33, 38, 50, 45, 50, 57, 56, 59, 64, 73, 94, 89, 92
739, 575, 448, 1094, 1078, 1079, 460, 371, 342, 305, 271, 245, 226, 946, 206, 940, 967, 1002, 963, 918, 882, 845, 817, 106, 91, 136, 152, 136, 282, 266, 168, 300, 258, 304, 305, 248, 226, 173, 210, 128, 159, 134, 122, 95, 97, 90, 80, 67, 50000, 15, 27, 100, 80, 60, 53, 45, 73, 60, 56, 58, 65, 52, 761, 770, 774, 777, 788, 793, 779, 785, 46, 38, 26, 21, 32, 745, 43, 126, 125, 97, 70, 85, 41, 39, 28, 63, 50, 44, 40, 71, 65, 62, 70, 79, 76, 79, 85, 97, 108
640, 617, 497, 1151, 1153, 1159, 487, 391, 357, 312, 278, 256, 241, 997, 252, 995, 1033, 1080, 1041, 990, 942, 898, 861, 144, 121, 171, 161, 152, 269, 254, 161, 272, 235, 270, 262, 219, 196, 148, 171, 120, 122, 96, 84, 66, 70, 69, 53, 44, 15, 50000, 13, 61, 47, 33, 28, 24, 44, 37, 43, 87, 99, 83, 798, 812, 816, 821, 835, 841, 822, 829, 79, 66, 50, 43, 58, 777, 71, 126, 117, 95, 59, 85, 52, 52, 43, 62, 48, 45, 47, 72, 69, 69, 75, 84, 83, 89, 101, 109, 120
576, 668, 552, 1211, 1225, 1234, 526, 423, 385, 333, 298, 280, 266, 1050, 300, 1051, 1097, 1153, 1111, 1056, 1001, 950, 907, 185, 156, 210, 182, 177, 274, 260, 170, 265, 231, 258, 241, 209, 186, 140, 152, 126, 103, 76, 63, 54, 60, 63, 41, 36, 27, 13, 50000, 38, 28, 18, 16, 14, 27, 25, 38, 119, 135, 117, 836, 853, 858, 864, 880, 886, 863, 871, 113, 98, 77, 68, 87, 808, 100, 138, 123, 105, 62, 96, 72, 72, 65, 72, 57, 57, 62, 83, 83, 85, 91, 99, 100, 109, 126, 131, 141
414, 829, 729, 1404, 1459, 1479, 652, 533, 483, 412, 377, 370, 363, 1228, 466, 1238, 1309, 1392, 1349, 1281, 1200, 1133, 1070, 333, 286, 350, 268, 276, 308, 297, 218, 265, 242, 246, 206, 205, 180, 145, 126, 169, 79, 50, 37, 49, 60, 76, 40, 45, 100, 61, 38, 50000, 11, 16, 20, 26, 21, 33, 69, 245, 272, 249, 981, 1007, 1016, 1024, 1047, 1055, 1022, 1032, 249, 223, 192, 177, 208, 940, 224, 199, 166, 162, 99, 159, 160, 163, 162, 131, 115, 122, 139, 146, 153, 163, 165, 172, 179, 194, 224, 222, 231
455, 809, 702, 1372, 1416, 1432, 637, 520, 472, 404, 368, 358, 350, 1196, 436, 1203, 1268, 1344, 1299, 1232, 1159, 1095, 1037, 303, 260, 324, 255, 260, 309, 296, 213, 273, 247, 255, 220, 212, 187, 148, 135, 164, 86, 56, 42, 50, 60, 74, 40, 43, 80, 47, 28, 11, 50000, 11, 14, 18, 16, 24, 54, 218, 243, 220, 948, 972, 979, 987, 1008, 1015, 983, 992, 217, 195, 165, 151, 178, 907, 192, 190, 161, 153, 93, 148, 142, 144, 141, 120, 104, 108, 123, 135, 140, 148, 151, 159, 164, 178, 206, 206, 215
505, 783, 670, 1334, 1364, 1377, 619, 505, 460, 395, 359, 346, 335, 1158, 401, 1162, 1220, 1287, 1240, 1175, 1111, 1052, 999, 269, 231, 294, 241, 241, 311, 297, 208, 282, 253, 268, 237, 221, 196, 153, 148, 159, 96, 65, 50, 54, 63, 74, 41, 42, 60, 33, 18, 16, 11, 50000, 10, 12, 13, 18, 40, 189, 210, 187, 912, 933, 937, 945, 965, 970, 940, 948, 183, 163, 135, 122, 145, 870, 156, 181, 156, 144, 87, 137, 122, 123, 117, 109, 92, 95, 106, 123, 126, 132, 137, 145, 149, 161, 186, 188, 199
540, 784, 666, 1325, 1347, 1357, 623, 509, 465, 402, 365, 349, 337, 1148, 391, 1150, 1203, 1265, 1215, 1150, 1093, 1035, 985, 258, 223, 286, 242, 240, 322, 308, 215, 297, 266, 284, 255, 235, 209, 163, 161, 164, 107, 75, 59, 60, 70, 80, 47, 46, 53, 28, 16, 20, 14, 10, 50000, 10, 13, 15, 33, 179, 198, 175, 897, 916, 919, 927, 946, 949, 920, 927, 168, 150, 123, 109, 130, 853, 140, 184, 161, 146, 89, 138, 117, 118, 110, 109, 91, 93, 103, 123, 125, 130, 136, 145, 147, 159, 182, 186, 197
573, 777, 654, 1310, 1324, 1332, 620, 507, 464, 403, 365, 348, 334, 1133, 377, 1133, 1182, 1238, 1187, 1123, 1071, 1015, 968, 244, 211, 274, 239, 235, 328, 313, 217, 308, 275, 297, 269, 245, 219, 171, 173, 166, 117, 84, 68, 66, 76, 84, 52, 49, 45, 24, 14, 26, 18, 12, 10, 50000, 14, 14, 27, 166, 184, 161, 881, 897, 899, 907, 925, 927, 899, 906, 152, 136, 110, 97, 115, 836, 123, 184, 163, 145, 90, 137, 110, 110, 101, 107, 89, 89, 98, 121, 122, 125, 132, 142, 143, 154, 175, 181, 193
559, 887, 761, 1417, 1434, 1443, 714, 591, 543, 474, 434, 418, 404, 1224, 462, 1225, 1279, 1339, 1279, 1207, 1155, 1093, 1041, 314, 276, 347, 299, 297, 381, 367, 266, 349, 317, 332, 294, 280, 251, 203, 193, 210, 132, 94, 75, 83, 95, 109, 67, 68, 73, 44, 27, 21, 16, 13, 13, 14, 50000, 12, 29, 224, 244, 217, 939, 956, 955, 965, 986, 985, 952, 958, 205, 187, 155, 138, 157, 879, 161, 234, 206, 190, 123, 182, 156, 157, 146, 148, 127, 129, 140, 165, 167, 172, 179, 190, 193, 206, 232, 238, 250
632, 889, 752, 1399, 1400, 1403, 722, 600, 553, 488, 446, 426, 409, 1203, 444, 1200, 1246, 1294, 1229, 1157, 1118, 1060, 1014, 292, 260, 332, 303, 296, 405, 389, 280, 381, 344, 366, 332, 309, 279, 226, 223, 221, 158, 117, 96, 99, 111, 123, 80, 79, 60, 37, 25, 33, 24, 18, 15, 14, 12, 50000, 18, 205, 221, 195, 911, 924, 920, 930, 949, 944, 913, 917, 178, 163, 133, 116, 129, 846, 130, 242, 218, 197, 131, 186, 148, 148, 132, 150, 128, 127, 135, 167, 167, 170, 179, 191, 192, 204, 226, 235, 249
780, 933, 776, 1407, 1376, 1370, 774, 651, 607, 546, 500, 472, 450, 1201, 443, 1191, 1221, 1249, 1173, 1099, 1084, 1032, 996, 284, 261, 336, 338, 322, 477, 458, 332, 464, 419, 453, 423, 387, 354, 290, 299, 269, 223, 175, 150, 147, 160, 169, 123, 117, 56, 43, 38, 69, 54, 40, 33, 27, 29, 18, 50000, 198, 208, 179, 887, 892, 881, 892, 908, 896, 867, 868, 153, 145, 117, 97, 101, 810, 93, 282, 264, 233, 167, 218, 158, 155, 132, 179, 153, 148, 151, 196, 191, 191, 203, 218, 216, 226, 243, 258, 275
859, 324, 218, 873, 860, 865, 258, 203, 191, 181, 157, 129, 111, 781, 61, 777, 795, 827, 822, 806, 758, 738, 723, 18, 15, 31, 73, 53, 211, 196, 119, 265, 222, 285, 320, 237, 224, 178, 248, 102, 220, 215, 215, 160, 152, 127, 151, 130, 58, 87, 119, 245, 218, 189, 179, 166, 224, 205, 198, 50000, 11, 12, 719, 730, 745, 742, 746, 765, 767, 777, 23, 18, 24, 34, 47, 762, 73, 81, 100, 70, 83, 59, 22, 20, 18, 55, 52, 43, 32, 53, 43, 36, 42, 47, 40, 36, 28, 39, 46
930, 337, 224, 873, 848, 848, 277, 223, 212, 205, 180, 149, 129, 779, 61, 773, 783, 808, 799, 784, 745, 729, 718, 17, 19, 34, 90, 66, 243, 227, 144, 303, 257, 326, 364, 274, 260, 211, 286, 126, 255, 249, 247, 189, 180, 154, 178, 155, 65, 99, 135, 272, 243, 210, 198, 184, 244, 221, 208, 11, 50000, 11, 714, 722, 735, 731, 734, 751, 754, 763, 19, 17, 24, 34, 43, 754, 67, 102, 124, 90, 105, 78, 32, 29, 24, 72, 69, 58, 44, 70, 59, 49, 57, 63, 54, 49, 39, 52, 60
925, 376, 258, 903, 873, 872, 309, 250, 237, 226, 199, 168, 147, 799, 78, 791, 802, 824, 808, 789, 755, 736, 725, 24, 25, 46, 101, 77, 258, 241, 153, 314, 267, 334, 368, 280, 265, 213, 285, 131, 249, 239, 234, 179, 173, 149, 167, 145, 52, 83, 117, 249, 220, 187, 175, 161, 217, 195, 179, 12, 11, 50000, 712, 718, 729, 726, 730, 744, 745, 753, 14, 12, 17, 24, 31, 742, 52, 109, 129, 93, 102, 80, 31, 28, 20, 72, 66, 55, 42, 71, 60, 51, 59, 66, 58, 53, 44, 58, 68
1719, 1110, 981, 217, 170, 163, 1048, 989, 977, 969, 940, 904, 880, 108, 788, 96, 98, 109, 87, 67, 46, 31, 25, 730, 736, 758, 832, 803, 1008, 990, 893, 1071, 1019, 1094, 1130, 1035, 1018, 960, 1038, 868, 997, 983, 977, 918, 912, 886, 903, 878, 761, 798, 836, 981, 948, 912, 897, 881, 939, 911, 887, 719, 714, 712, 50000, 11, 18, 16, 18, 28, 30, 37, 711, 713, 719, 725, 727, 33, 743, 842, 866, 825, 833, 809, 747, 743, 731, 799, 791, 778, 761, 799, 785, 773, 783, 792, 782, 777, 765, 782, 793
1802, 1152, 1011, 240, 176, 166, 1092, 1031, 1020, 1013, 983, 943, 916, 125, 805, 109, 103, 104, 76, 54, 45, 33, 31, 741, 751, 776, 864, 831, 1058, 1039, 933, 1126, 1071, 1150, 1187, 1086, 1068, 1005, 1087, 905, 1040, 1023, 1014, 953, 947, 920, 935, 908, 770, 812, 853, 1007, 972, 933, 916, 897, 956, 924, 892, 730, 722, 718, 11, 50000, 12, 11, 12, 18, 21, 25, 713, 717, 724, 729, 726, 27, 737, 876, 902, 856, 864, 839, 766, 761, 744, 826, 816, 801, 782, 826, 810, 797, 809, 819, 808, 801, 787, 808, 820
1867, 1220, 1067, 286, 208, 192, 1157, 1091, 1078, 1070, 1036, 993, 963, 159, 837, 139, 128, 120, 81, 54, 58, 47, 48, 761, 774, 804, 904, 867, 1114, 1093, 976, 1182, 1123, 1205, 1240, 1137, 1115, 1046, 1129, 943, 1074, 1051, 1038, 978, 974, 949, 957, 930, 774, 816, 858, 1016, 979, 937, 919, 899, 955, 920, 881, 745, 735, 729, 18, 12, 50000, 10, 11, 12, 13, 15, 716, 724, 728, 730, 722, 20, 727, 914, 939, 889, 891, 870, 785, 779, 757, 853, 840, 823, 802, 854, 837, 823, 836, 848, 836, 830, 815, 839, 853
1866, 1198, 1048, 269, 193, 178, 1138, 1075, 1063, 1057, 1024, 981, 952, 146, 826, 128, 116, 109, 74, 49, 51, 40, 42, 755, 768, 796, 895, 859, 1104, 1083, 969, 1174, 1115, 1198, 1235, 1130, 1110, 1042, 1127, 937, 1074, 1053, 1042, 980, 975, 948, 960, 932, 777, 821, 864, 1024, 987, 945, 927, 907, 965, 930, 892, 742, 731, 726, 16, 11, 10, 50000, 10, 13, 15, 18, 716, 723, 729, 732, 725, 23, 732, 907, 934, 885, 889, 866, 783, 777, 756, 850, 838, 821, 801, 851, 834, 819, 833, 844, 831, 825, 810, 833, 847
1902, 1195, 1044, 263, 183, 167, 1139, 1078, 1068, 1064, 1032, 987, 958, 143, 824, 123, 109, 99, 65, 42, 46, 37, 41, 756, 771, 797, 903, 865, 1117, 1096, 981, 1191, 1131, 1217, 1256, 1148, 1128, 1059, 1148, 950, 1095, 1074, 1063, 999, 994, 965, 978, 949, 788, 835, 880, 1047, 1008, 965, 946, 925, 986, 949, 908, 746, 734, 730, 18, 12, 11, 10, 50000, 12, 15, 18, 719, 727, 735, 739, 730, 27, 737, 918, 947, 896, 903, 876, 791, 785, 764, 862, 850, 832, 810, 862, 843, 828, 842, 853, 840, 833, 816, 840, 854
1967, 1271, 1107, 317, 222, 201, 1211, 1144, 1133, 1126, 1090, 1042, 1010, 183, 862, 160, 141, 122, 76, 48, 65, 56, 63, 781, 798, 831, 947, 905, 1177, 1154, 1028, 1250, 1187, 1275, 1311, 1201, 1178, 1104, 1192, 991, 1131, 1104, 1089, 1026, 1023, 996, 1002, 972, 793, 841, 886, 1055, 1015, 970, 949, 927, 985, 944, 896, 765, 751, 744, 28, 18, 12, 13, 12, 50000, 11, 12, 726, 737, 742, 743, 730, 23, 730, 959, 988, 932, 933, 910, 813, 806, 780, 891, 876, 857, 833, 893, 873, 857, 873, 886, 872, 865, 848, 875, 891
1929, 1302, 1135, 346, 252, 232, 1233, 1161, 1146, 1135, 1098, 1051, 1019, 204, 879, 181, 164, 147, 97, 64, 81, 69, 73, 789, 804, 841, 950, 910, 1176, 1153, 1025, 1243, 1180, 1265, 1295, 1190, 1166, 1091, 1173, 985, 1109, 1079, 1063, 1005, 1003, 979, 980, 952, 779, 822, 863, 1022, 983, 940, 920, 899, 952, 913, 867, 767, 754, 745, 30, 21, 13, 15, 15, 11, 50000, 10, 725, 735, 737, 736, 723, 16, 721, 957, 981, 927, 921, 905, 808, 802, 775, 883, 867, 848, 827, 887, 868, 853, 869, 883, 869, 864, 849, 876, 893
1964, 1332, 1160, 367, 267, 244, 1263, 1189, 1174, 1162, 1124, 1075, 1042, 220, 895, 196, 176, 155, 101, 66, 89, 78, 83, 801, 817, 856, 970, 928, 1204, 1180, 1047, 1271, 1207, 1293, 1322, 1216, 1191, 1113, 1196, 1005, 1129, 1097, 1079, 1021, 1020, 996, 995, 966, 785, 829, 871, 1032, 992, 948, 927, 906, 958, 917, 868, 777, 763, 753, 37, 25, 15, 18, 18, 12, 10, 50000, 730, 741, 743, 741, 725, 17, 721, 976, 1001, 945, 937, 922, 821, 814, 784, 899, 881, 862, 840, 903, 884, 868, 885, 899, 885, 880, 865, 892, 910
998, 458, 322, 956, 907, 899, 386, 319, 305, 291, 260, 224, 200, 836, 112, 823, 826, 836, 807, 781, 764, 746, 738, 42, 46, 74, 144, 115, 321, 303, 200, 377, 325, 397, 426, 336, 317, 257, 329, 171, 283, 265, 256, 202, 198, 176, 186, 162, 46, 79, 113, 249, 217, 183, 168, 152, 205, 178, 153, 23, 19, 14, 711, 713, 716, 716, 719, 726, 725, 730, 50000, 11, 13, 17, 17, 723, 30, 148, 168, 127, 127, 111, 46, 42, 28, 97, 87, 74, 59, 99, 85, 75, 85, 95, 85, 81, 72, 90, 102
929, 436, 308, 948, 911, 907, 360, 293, 277, 262, 232, 199, 177, 831, 106, 821, 830, 848, 823, 797, 771, 750, 738, 38, 38, 66, 123, 97, 285, 268, 172, 336, 287, 354, 381, 297, 278, 223, 290, 144, 247, 231, 224, 173, 169, 148, 159, 137, 38, 66, 98, 223, 195, 163, 150, 136, 187, 163, 145, 18, 17, 12, 713, 717, 724, 723, 727, 737, 735, 741, 11, 50000, 11, 15, 19, 728, 35, 124, 141, 104, 104, 90, 34, 31, 19, 77, 68, 57, 44, 79, 67, 58, 67, 76, 67, 64, 57, 73, 84
894, 475, 345, 984, 949, 945, 390, 317, 298, 277, 246, 214, 192, 858, 129, 848, 860, 880, 850, 818, 792, 768, 753, 51, 49, 82, 131, 107, 290, 273, 174, 334, 286, 348, 369, 290, 271, 214, 275, 142, 229, 210, 200, 155, 153, 135, 140, 120, 26, 50, 77, 192, 165, 135, 123, 110, 155, 133, 117, 24, 24, 17, 719, 724, 728, 729, 735, 742, 737, 743, 13, 11, 50000, 11, 16, 724, 29, 126, 139, 103, 96, 89, 33, 30, 18, 74, 63, 53, 42, 77, 66, 58, 68, 77, 69, 68, 63, 79, 90
899, 521, 385, 1021, 981, 976, 430, 352, 331, 306, 273, 240, 217, 885, 154, 874, 885, 903, 866, 831, 809, 783, 768, 66, 63, 101, 151, 126, 313, 295, 191, 353, 304, 366, 382, 305, 284, 225, 282, 155, 231, 208, 197, 155, 154, 139, 138, 119, 21, 43, 68, 177, 151, 122, 109, 97, 138, 116, 97, 34, 34, 24, 725, 729, 730, 732, 739, 743, 736, 741, 17, 15, 11, 50000, 13, 720, 22, 141, 152, 115, 102, 100, 41, 37, 22, 82, 69, 58, 48, 86, 76, 68, 78, 88, 81, 80, 77, 93, 106
1001, 576, 426, 1052, 992, 980, 487, 407, 386, 363, 328, 289, 263, 907, 175, 891, 893, 898, 853, 814, 809, 786, 776, 80, 82, 123, 192, 162, 377, 356, 241, 422, 368, 436, 453, 370, 346, 280, 342, 201, 284, 256, 241, 197, 197, 181, 176, 155, 32, 58, 87, 208, 178, 145, 130, 115, 157, 129, 101, 47, 43, 31, 727, 726, 722, 725, 730, 730, 723, 725, 17, 19, 16, 13, 50000, 712, 13, 184, 198, 154, 139, 137, 63, 58, 38, 115, 100, 87, 73, 120, 107, 97, 110, 122, 112, 111, 105, 125, 140
1792, 1323, 1162, 379, 303, 287, 1237, 1156, 1135, 1114, 1076, 1034, 1005, 227, 897, 208, 202, 197, 145, 104, 111, 91, 86, 795, 802, 845, 929, 895, 1133, 1112, 987, 1183, 1125, 1199, 1217, 1128, 1102, 1031, 1098, 943, 1034, 1002, 984, 937, 938, 921, 914, 891, 745, 777, 808, 940, 907, 870, 853, 836, 879, 846, 810, 762, 754, 742, 33, 27, 20, 23, 27, 23, 16, 17, 723, 728, 724, 720, 712, 50000, 711, 924, 940, 891, 874, 871, 785, 780, 755, 847, 830, 815, 798, 853, 838, 826, 840, 854, 843, 841, 833, 856, 873
1084, 667, 502, 1117, 1039, 1022, 574, 487, 465, 440, 400, 358, 329, 957, 223, 937, 932, 926, 868, 824, 833, 811, 804, 113, 118, 166, 247, 213, 451, 429, 301, 496, 438, 509, 523, 437, 410, 337, 399, 254, 332, 296, 277, 234, 237, 222, 210, 187, 43, 71, 100, 224, 192, 156, 140, 123, 161, 130, 93, 73, 67, 52, 743, 737, 727, 732, 737, 730, 721, 721, 30, 35, 29, 22, 13, 711, 50000, 237, 250, 201, 179, 181, 93, 88, 61, 154, 135, 120, 105, 162, 147, 135, 150, 165, 154, 153, 147, 170, 188
476, 230, 187, 891, 972, 1004, 144, 93, 75, 54, 42, 37, 35, 831, 106, 849, 912, 1005, 1035, 1027, 907, 869, 825, 91, 63, 67, 16, 22, 45, 39, 14, 66, 47, 78, 102, 56, 53, 38, 78, 12, 81, 97, 110, 73, 61, 44, 80, 70, 126, 126, 138, 199, 190, 181, 184, 184, 234, 242, 282, 81, 102, 109, 842, 876, 914, 907, 918, 959, 957, 976, 148, 124, 126, 141, 184, 924, 237, 50000, 12, 12, 28, 14, 45, 48, 72, 22, 30, 34, 38, 18, 21, 24, 20, 16, 19, 21, 28, 20, 17
411, 273, 232, 939, 1030, 1065, 174, 117, 95, 67, 54, 52, 51, 871, 142, 891, 961, 1061, 1089, 1075, 949, 906, 857, 119, 85, 94, 27, 37, 43, 37, 14, 53, 37, 60, 76, 40, 36, 23, 53, 10, 55, 70, 81, 51, 42, 29, 59, 53, 125, 117, 123, 166, 161, 156, 161, 163, 206, 218, 264, 100, 124, 129, 866, 902, 939, 934, 947, 988, 981, 1001, 168, 141, 139, 152, 198, 940, 250, 12, 50000, 13, 21, 16, 52, 57, 81, 22, 29, 35, 43, 20, 25, 30, 25, 21, 26, 29, 41, 31, 28
477, 275, 221, 918, 990, 1019, 181, 123, 103, 77, 62, 55, 51, 845, 116, 860, 920, 1008, 1028, 1013, 903, 863, 820, 88, 60, 70, 23, 28, 62, 55, 20, 79, 58, 88, 107, 63, 57, 38, 74, 13, 70, 80, 89, 55, 46, 32, 59, 51, 97, 95, 105, 162, 153, 144, 146, 145, 190, 197, 233, 70, 90, 93, 825, 856, 889, 885, 896, 932, 927, 945, 127, 104, 103, 115, 154, 891, 201, 12, 13, 50000, 18, 10, 33, 36, 55, 14, 19, 22, 26, 12, 14, 17, 14, 12, 15, 17, 25, 20, 19
436, 377, 312, 1004, 1072, 1098, 264, 192, 164, 128, 108, 101, 97, 906, 170, 920, 983, 1070, 1075, 1048, 944, 898, 850, 117, 85, 108, 53, 58, 92, 84, 39, 96, 74, 98, 103, 69, 59, 36, 59, 22, 45, 46, 50, 27, 22, 15, 28, 22, 70, 59, 62, 99, 93, 87, 89, 90, 123, 131, 167, 83, 105, 102, 833, 864, 891, 889, 903, 933, 921, 937, 127, 104, 96, 102, 139, 874, 179, 28, 21, 18, 50000, 17, 35, 38, 53, 13, 14, 18, 25, 16, 19, 24, 22, 22, 25, 31, 44, 39, 41
504, 283, 223, 916, 979, 1005, 190, 131, 111, 85, 69, 60, 55, 838, 110, 851, 908, 990, 1007, 991, 887, 849, 807, 78, 52, 64, 25, 27, 73, 65, 25, 92, 69, 102, 121, 74, 67, 45, 83, 16, 76, 84, 91, 57, 48, 34, 59, 50, 85, 85, 96, 159, 148, 137, 138, 137, 182, 186, 218, 59, 78, 80, 809, 839, 870, 866, 876, 910, 905, 922, 111, 90, 89, 100, 137, 871, 181, 14, 16, 10, 17, 50000, 26, 29, 46, 12, 16, 18, 21, 10, 11, 14, 11, 11, 12, 14, 21, 17, 17
