9.999900000000000000e+04,2.476206776503125582e+02,7.553806987208503188e+01,2.615033460588984440e+02,3.101612483854164566e+02,1.082404730218784721e+02,3.758989225842500304e+01,1.301768028490483289e+02,2.096020038072155387e+02,2.713171575849931401e+02,2.114355693822588478e+02,2.496157046341435546e+02,2.803497815230110177e+02,5.108815909777920439e+01,3.330540496676177895e+02,2.960608045655486649e+02,3.596804137008297175e+02,9.124143795447329808e+01,3.965513838079498896e+02,4.144828102587609351e+02,1.719912788486672071e+02,1.996496932128872572e+02,3.248538132760642156e+02,9.302150289046076637e+01,1.385784976105600492e+02,2.420330555936523353e+02,1.984565443617317442e+02,2.946133058773822313e+02,3.106444913401813324e+02,1.164817582284882889e+02,2.359364321167886089e+02,3.194698733840172054e+02,2.035706265648362034e+02,1.862310393033341711e+02,3.097821815405140455e+02,1.075406899736095170e+02,1.007174264961133758e+02,1.852052915010799552e+02,1.528692251566678237e+02,3.428410710518796805e+02,1.543308135143465165e+02,2.548921340488952865e+02,2.349170066214875021e+02,2.870209051619759748e+02,2.076174366473105124e+02,3.362647766269907947e+02,2.362117693934830243e+02,4.110960958218893069e+01,1.723513852569801657e+02,2.224072840533780777e+02,1.797442627735305507e+02,2.783522947633089188e+02,1.930025906561878344e+02,1.626407083112957821e+02,5.434151267677410146e+01,1.704699386988802701e+02,3.542612030691478253e+02,1.329812016790343137e+02,1.236931687685298158e+02,1.511191582824626494e+02,3.112956793789467156e+02,5.646237685397241535e+01,1.557080601638849089e+02,2.983169455461757593e+02
2.476206776503125582e+02,9.999900000000000000e+04,2.920992981847097667e+02,4.656393454166002925e+02,6.514598989960931874e+01,1.751113931187802564e+02,2.849298159196401343e+02,2.237722056020362800e+02,3.152031091217216954e+02,4.980010040150521604e+02,4.240860761685061675e+02,2.980067113338221247e+02,4.648354547579175460e+02,1.966977376585709578e+02,3.481106146040364706e+02,5.288251128681390583e+02,3.927569222814538534e+02,1.949897433200013097e+02,4.157078300922415792e+02,4.542158077390085964e+02,3.796801285292660850e+02,3.013171087077532775e+02,5.522264028457893801e+02,3.129297045663770405e+02,1.528397853963423927e+02,2.842534080710379030e+01,1.832402794147618579e+02,1.580031645252714441e+02,5.343032846614364644e+02,3.592046770296845466e+02,3.927874743420416053e+02,4.463462781294362003e+02,4.266016877603744319e+02,3.529447548838203375e+02,8.537564055396597951e+01,3.531925820285584905e+02,1.935458601985586142e+02,6.242595614005443139e+01,3.954554336458155035e+02,3.434646997873289251e+02,3.970617080505245440e+02,2.892092667948245435e+02,2.317800681680804189e+02,2.913228449675719958e+02,4.491102314577123877e+01,3.589345344209721134e+02,4.359174233728218155e+02,2.179036484320535578e+02,9.730878685915264725e+01,4.645955230089932684e+02,3.099032106965011621e+02,4.749442072496515834e+02,3.151285452002087482e+02,4.044749683231336803e+02,2.097450833750340848e+02,4.026313450291718254e+02,3.992705849420916024e+02,2.285607140345864536e+02,1.409113196304682845e+02,1.940644222932168361e+02,3.820117799230803826e+02,1.930802941783547340e+02,2.741477703721115518e+02,4.982298666278447854e+02
7.553806987208503188e+01,2.920992981847097667e+02,9.999900000000000000e+04,1.886637220029330422e+02,3.494137948049561260e+02,1.802276338412064831e+02,7.080254232723568464e+01,1.069205312369892766e+02,1.514760707174568779e+02,2.076848574162305283e+02,1.401320805525986657e+02,2.040833163195855207e+02,2.050609665440987897e+02,1.120892501536164332e+02,2.872646863086376925e+02,2.370021096952514483e+02,3.067898303399250608e+02,1.008017856984686489e+02,3.449246294482317694e+02,3.568669219751250807e+02,2.121909517392294333e+02,1.447549653725218377e+02,2.620534296665471743e+02,2.109502310972898798e+01,2.086767835673149420e+02,2.927148783372652474e+02,2.724132889563209119e+02,3.001016494456503096e+02,2.455890877054597468e+02,1.284133949399360688e+02,1.623083485221878561e+02,2.478245347014697870e+02,1.368831618571108208e+02,2.438360104660507375e+02,3.398190695061123279e+02,1.129291813483122695e+02,1.750257123967789994e+02,2.320021551624035965e+02,1.091283647820308857e+02,3.002698786092271348e+02,1.584929020492716063e+02,2.131384526546066525e+02,2.102379604162863700e+02,2.498739682319869075e+02,2.579786812897530694e+02,2.880277764383150725e+02,1.621172415260018056e+02,7.879086241436883142e+01,2.021806123247231710e+02,1.752055935180152915e+02,1.182285921425100952e+02,2.042988007796423631e+02,2.612967661491431386e+02,1.675291019494821967e+02,1.280351514233493617e+02,1.105350623105627932e+02,2.986452745315083916e+02,2.083122656014282938e+02,1.527939789389621126e+02,2.260199106273604457e+02,2.521051367981223734e+02,1.061037228376082879e+02,2.276686188300882066e+02,2.250622136210341182e+02
2.615033460588984440e+02,4.656393454166002925e+02,1.886637220029330422e+02,9.999900000000000000e+04,5.153406640272044115e+02,3.685919152667350431e+02,2.420516473812975278e+02,2.450510150968569292e+02,1.884807682497076371e+02,7.034912934784622962e+01,5.115662224971465122e+01,2.504795400826183140e+02,4.651881339845203200e+01,3.005628054167714254e+02,3.050065573065602393e+02,1.060754448494089530e+02,2.956112311804137107e+02,2.719356541536986356e+02,3.300136360819049628e+02,3.165375175235946585e+02,3.347670832086093924e+02,1.969466932954194078e+02,1.064048871058091947e+02,1.690118339052032184e+02,3.973361297440744693e+02,4.713936783623641418e+02,4.599489102063402015e+02,4.260575078554537072e+02,8.430895563343196386e+01,2.429814807757990422e+02,1.050047617967871076e+02,1.567322557739790909e+02,6.946221994724902515e+01,3.889601522007106382e+02,4.956984970725652602e+02,2.292705825002414031e+02,3.622154055254966920e+02,4.101572869034512223e+02,1.477328670269415625e+02,3.245489177304401096e+02,2.439877046082445418e+02,2.661014844002190216e+02,3.027110833781941324e+02,3.023987433836324499e+02,4.375671377057468021e+02,2.977549327886945321e+02,3.000000000000000000e+01,2.661014844002190216e+02,3.692384053697556396e+02,1.318218494787567465e+02,1.715925406304131968e+02,2.280350850198275836e+01,4.240212258837993318e+02,2.493591786961129628e+02,3.155455593095868494e+02,1.081665382639196764e+02,2.791791539495741290e+02,3.900000000000000000e+02,3.255825548152112106e+02,4.124039282063156975e+02,2.322434067955428532e+02,2.931279584072457851e+02,3.996561021678513157e+02,3.700000000000000000e+01
3.101612483854164566e+02,6.514598989960931874e+01,3.494137948049561260e+02,5.153406640272044115e+02,9.999900000000000000e+04,2.401416248799861819e+02,3.476794500685940648e+02,2.704403816000857432e+02,3.524556709715421903e+02,5.524137941796891482e+02,4.765091814435478454e+02,3.243763246601083097e+02,5.103136290557013695e+02,2.596497641054195356e+02,3.610886317789581312e+02,5.845647953820003977e+02,4.070307113720044754e+02,2.496898075613019614e+02,4.248870438128232649e+02,4.666176164698457001e+02,4.447752241301217282e+02,3.390870094828169385e+02,6.062557216224849981e+02,3.698337464320961772e+02,2.170069123323033580e+02,8.402380615040001999e+01,2.400104164406203324e+02,1.504426801143877412e+02,5.875270206552205536e+02,4.231784493567695904e+02,4.351574427721534448e+02,4.799677072470605026e+02,4.811787609610382788e+02,4.169148594137656687e+02,4.517742799230607176e+01,4.166353321551113709e+02,2.585652722234755174e+02,1.261150268604023239e+02,4.551713962893538223e+02,3.529589211225578538e+02,4.611398920067532003e+02,3.131804591605293808e+02,2.546566315649368732e+02,3.072344381738479342e+02,1.098954048174899754e+02,3.730120641480647805e+02,4.853740825384066397e+02,2.782121492674250476e+02,1.479898645178108154e+02,5.236993412254782925e+02,3.524145286448900265e+02,5.227925018590071886e+02,3.771604433129222116e+02,4.686875291705551945e+02,2.743519637254306076e+02,4.596215834792791952e+02,4.161454072797151298e+02,2.922259399848001067e+02,1.966214637317096106e+02,2.564390765854533356e+02,4.063065345278118912e+02,2.546291420870753370e+02,3.372491660478940503e+02,5.463231644365814645e+02
1.082404730218784721e+02,1.751113931187802564e+02,1.802276338412064831e+02,3.685919152667350431e+02,2.401416248799861819e+02,9.999900000000000000e+04,1.373062270984094937e+02,1.856071119327058625e+02,2.852455082906652706e+02,3.792532135658180437e+02,3.190814942926023150e+02,3.062025473440742189e+02,3.843331887828580307e+02,7.156814934033155851e+01,3.834070943527258351e+02,4.028895630318561416e+02,4.185618233905237844e+02,1.332704018152567755e+02,4.520011061933366818e+02,4.782802525716486457e+02,2.046875667938822403e+02,2.726169473822197915e+02,4.325020231166554936e+02,1.995820633223336529e+02,3.162277660168379256e+01,1.596997182214170437e+02,9.319334740205439971e+01,2.773463538610161550e+02,4.187027585292458980e+02,1.966214637317096106e+02,3.315448687583627816e+02,4.091808890942977541e+02,3.118092365533772750e+02,1.810690476033935568e+02,2.539547203735343146e+02,1.948255630044476447e+02,1.843908891458577415e+01,1.191511644928407776e+02,2.576140524117424775e+02,3.881546083714580959e+02,2.326585480914036737e+02,3.062188759694607825e+02,2.672863632885149627e+02,3.292795165205391186e+02,1.302497600765544519e+02,3.898025141016922817e+02,3.423448553724737735e+02,1.075639344761988525e+02,1.413966053340744224e+02,3.260874115938853492e+02,2.620839560140986464e+02,3.845256818471297038e+02,1.537075144552145787e+02,2.389476930208785177e+02,5.408326913195983821e+01,2.783522947633089188e+02,4.173212192065004729e+02,6.356099432828281692e+01,1.165160933090360658e+02,5.277309920783504538e+01,3.814826339428834103e+02,8.489994110716449427e+01,1.091100362019919743e+02,4.051728026410459620e+02
3.758989225842500304e+01,2.849298159196401343e+02,7.080254232723568464e+01,2.420516473812975278e+02,3.476794500685940648e+02,1.373062270984094937e+02,9.999900000000000000e+04,1.541200830521447642e+02,2.197544083744396630e+02,2.438237068047321827e+02,1.910026177831078940e+02,2.670524293093025108e+02,2.661822683801458425e+02,8.823264701911645602e+01,3.509102449345131163e+02,2.659266816248418763e+02,3.738034242753803369e+02,1.230365799264592681e+02,4.115167068297470792e+02,4.257757625793182683e+02,1.471665722914004562e+02,2.116341182323870953e+02,2.963055855025348819e+02,8.115417426109392807e+01,1.687157372624142511e+02,2.786485241303100793e+02,2.224275162833951072e+02,3.290866147384302280e+02,2.835577542582815909e+02,8.023091673413684077e+01,2.316570741419307353e+02,3.180251562376788002e+02,1.793543977715628728e+02,1.733580110638097835e+02,3.472635886470103515e+02,7.022819946431775406e+01,1.262893503031827294e+02,2.225039325495169749e+02,1.203079382252060725e+02,3.623051200300652681e+02,1.176307782852770174e+02,2.741550656106868473e+02,2.607546739753670977e+02,3.085741401997257185e+02,2.444299490651667384e+02,3.528809997718777822e+02,2.192099450298731256e+02,7.550496672405067500e+01,2.095041765693466971e+02,1.890026454841307100e+02,1.874166481399131214e+02,2.606933063966161512e+02,1.914497323058979816e+02,1.261467399499487669e+02,8.405950273467003342e+01,1.433910736412835547e+02,3.667151483099655138e+02,1.480844353738771702e+02,1.603527361787132008e+02,1.734416328336423305e+02,3.212786952164740342e+02,9.394147114027967405e+01,1.603309078125612075e+02,2.790447992706547211e+02
1.301768028490483289e+02,2.237722056020362800e+02,1.069205312369892766e+02,2.450510150968569292e+02,2.704403816000857432e+02,1.856071119327058625e+02,1.541200830521447642e+02,9.999900000000000000e+04,1.025914226434159531e+02,2.867629683205277615e+02,2.085976989326584032e+02,1.231665539016173057e+02,2.411679912426190810e+02,1.208801058900926080e+02,2.048926548219823189e+02,3.212631320273149527e+02,2.355928691620355551e+02,5.235456045083369503e+01,2.708966592632696120e+02,2.938741227124293687e+02,3.003281538584087116e+02,8.905054744357273933e+01,3.394230398779670281e+02,1.212971557786908647e+02,2.024104740372888784e+02,2.336535897434490607e+02,2.735781424017642394e+02,1.960637651377734869e+02,3.196904753038476201e+02,2.288449256592769530e+02,1.697998822143289885e+02,2.332144935461773514e+02,2.170829334609240959e+02,3.156833856888892456e+02,2.513821791615308712e+02,2.148418022638983587e+02,1.911282292075139821e+02,1.743473544393490329e+02,2.128497122384711986e+02,2.134338304955425656e+02,2.623737791777219286e+02,1.262537128166930387e+02,1.067333125130106737e+02,1.569235482647521565e+02,2.022003956474863173e+02,2.093227173528950686e+02,2.150581316760656705e+02,9.402127418834527361e+01,1.264634334501479458e+02,2.737389267166801687e+02,8.796590248499698816e+01,2.524480144505002954e+02,3.155249593930724359e+02,2.714148116813082083e+02,1.536391877093861638e+02,2.035927307150233219e+02,2.328454423002520457e+02,2.386000838222820164e+02,9.113725912051557998e+01,2.383799488212043514e+02,1.958800653461193804e+02,1.042017274328981529e+02,2.737243138634198658e+02,2.759438348649956652e+02
2.096020038072155387e+02,3.152031091217216954e+02,1.514760707174568779e+02,1.884807682497076371e+02,3.524556709715421903e+02,2.852455082906652706e+02,2.197544083744396630e+02,1.025914226434159531e+02,9.999900000000000000e+04,2.482780699135547877e+02,1.715633993601199450e+02,6.576473218982953028e+01,1.675857989210302890e+02,2.164740169165805526e+02,1.409184161137216336e+02,2.858198733468336172e+02,1.555538491969903134e+02,1.531600470096558695e+02,1.938710911920598789e+02,2.060412580043133062e+02,3.636619309193636127e+02,1.403566884761819900e+01,2.938860323322631416e+02,1.516113452219193221e+02,3.041200420886463007e+02,3.290911727773931261e+02,3.751826221988433190e+02,2.422436789681002267e+02,2.720680062043311978e+02,2.773535649671732699e+02,8.839117603018979707e+01,1.322422020385323265e+02,1.910497317454280051e+02,3.925519073956971852e+02,3.247214190656354162e+02,2.611972434770321456e+02,2.885914066634694564e+02,2.724701818548224423e+02,2.240758800049661659e+02,1.568470592647500155e+02,3.026962173533062241e+02,8.028075734570519728e+01,1.154339638061519508e+02,1.188696765369536905e+02,2.998833106393218486e+02,1.394596715900335084e+02,1.610124218810461798e+02,1.836981219283419762e+02,2.200545386943882136e+02,2.655447231635379239e+02,3.401470270338990076e+01,1.872565085651230561e+02,4.024835400361112647e+02,3.114113035841826900e+02,2.467103564911696196e+02,1.970406049523803063e+02,1.472005434772575825e+02,3.334441482467491369e+02,1.924396009141569550e+02,3.377839546218854707e+02,1.018626526259747465e+02,2.010397970552099309e+02,3.636619309193636127e+02,2.101094952637790811e+02
2.713171575849931401e+02,4.980010040150521604e+02,2.076848574162305283e+02,7.034912934784622962e+01,5.524137941796891482e+02,3.792532135658180437e+02,2.438237068047321827e+02,2.867629683205277615e+02,2.482780699135547877e+02,9.999900000000000000e+04,7.932212806020775986e+01,3.127570942440794397e+02,1.152085066303699676e+02,3.171198511604090413e+02,3.725426150120278521e+02,3.764306044943742080e+01,3.651972069991773537e+02,3.032952357027719472e+02,4.000199995000249942e+02,3.868656097406436629e+02,3.056599417653546311e+02,2.546546681292137748e+02,5.437830449729009530e+01,1.865904606350496238e+02,4.098841299684582964e+02,5.000649957755491641e+02,4.662445710139689936e+02,4.771247216399502236e+02,3.981205847478876336e+01,2.214429949219437503e+02,1.713038236584344247e+02,2.267377339570985555e+02,7.140028011149536269e+01,3.658592625587057796e+02,5.374030145058734433e+02,2.110023696549401393e+02,3.697418018022847264e+02,4.390649154737827757e+02,1.283900307656322752e+02,3.917716171444786823e+02,2.117474911303555416e+02,3.279954267973869264e+02,3.587659404124087246e+02,3.655789928319186401e+02,4.654202402130788414e+02,3.659029926086967635e+02,8.962700485902672654e+01,2.860437029546359327e+02,4.044774406564598621e+02,8.143709228600933159e+01,2.258871399615303517e+02,8.764131445842194523e+01,4.083540130817866611e+02,2.149720912118594072e+02,3.251707243895120314e+02,1.009009415218708483e+02,3.490128937446294231e+02,3.893443206212208452e+02,3.572296180329956883e+02,4.171714275930220310e+02,3.014796842243271158e+02,3.132491021535416849e+02,3.907377637239584942e+02,8.268010643437754936e+01
2.114355693822588478e+02,4.240860761685061675e+02,1.401320805525986657e+02,5.115662224971465122e+01,4.765091814435478454e+02,3.190814942926023150e+02,1.910026177831078940e+02,2.085976989326584032e+02,1.715633993601199450e+02,7.932212806020775986e+01,9.999900000000000000e+04,2.369578021505094796e+02,8.459905436823747493e+01,2.522003172083651350e+02,3.023243291566194557e+02,1.158835622510802921e+02,3.007074990750978714e+02,2.291724241700994753e+02,3.374314745248285021e+02,3.307642665101537318e+02,2.871793864468687616e+02,1.768530463407402067e+02,1.308625232830240179e+02,1.198165264060012731e+02,3.483116420678470604e+02,4.280525668653325511e+02,4.098438727125245009e+02,3.978190543450627388e+02,1.111980215651339705e+02,1.942395428330699190e+02,1.042353107157070866e+02,1.785329101314376601e+02,2.641968962724581260e+01,3.395364487061735304e+02,4.598369276167367730e+02,1.799388785115656901e+02,3.121169652550146338e+02,3.667724089950060602e+02,1.009554357129917008e+02,3.208254977398149208e+02,1.986680648720372346e+02,2.518034948129195527e+02,2.799589255587326306e+02,2.900827468154560620e+02,3.937765864040166548e+02,2.970067339303942617e+02,3.482814953453599571e+01,2.185520532962342202e+02,3.290136775272420095e+02,1.044030650891054961e+02,1.472311108427834938e+02,7.130918594402827182e+01,3.733430058270812424e+02,2.048047851003486812e+02,2.656689669494726900e+02,6.020797289396147534e+01,2.859545418418808822e+02,3.390235979987234032e+02,2.832401807653709511e+02,3.620000000000000000e+02,2.365459786172658596e+02,2.457986981251121392e+02,3.485398112124352679e+02,8.809086218218095610e+01
2.496157046341435546e+02,2.980067113338221247e+02,2.040833163195855207e+02,2.504795400826183140e+02,3.243763246601083097e+02,3.062025473440742189e+02,2.670524293093025108e+02,1.231665539016173057e+02,6.576473218982953028e+01,3.127570942440794397e+02,2.369578021505094796e+02,9.999900000000000000e+04,2.241428116179504002e+02,2.439385168438965366e+02,8.386298349093002003e+01,3.503826479721848273e+02,1.126143862923383381e+02,1.744505660638565985e+02,1.477870089013239294e+02,1.721859460002470712e+02,4.138900820266172786e+02,6.412487816752559411e+01,3.566987524508601268e+02,2.085209821576715967e+02,3.194119597009479321e+02,3.166322788346128050e+02,3.899705117056929566e+02,1.961045639448506108e+02,3.346879143321431798e+02,3.324154027718932412e+02,1.464854941623913760e+02,1.596652748721524517e+02,2.567975856584325243e+02,4.358004130333058583e+02,2.907043171334061640e+02,3.167159610755352901e+02,3.132091952673164883e+02,2.665426795093048327e+02,2.872716484444645175e+02,9.620810776644555062e+01,3.606244584051392508e+02,1.581138830084189628e+01,7.021395872616783151e+01,5.315072906367324634e+01,2.920359566902678239e+02,8.668333173107734524e+01,2.243211982849592516e+02,2.164486082191336322e+02,2.109241569853960527e+02,3.311027030998085934e+02,9.608329719571450767e+01,2.466171121394458225e+02,4.384267327615869476e+02,3.695294304923492632e+02,2.768049855042354466e+02,2.620686932847950743e+02,1.114136436887332025e+02,3.613862199918530109e+02,1.980101007524616250e+02,3.587101894287364416e+02,8.414867794564570147e+01,2.271387241313114487e+02,3.968689960175775582e+02,2.685162937328012731e+02
2.803497815230110177e+02,4.648354547579175460e+02,2.050609665440987897e+02,4.651881339845203200e+01,5.103136290557013695e+02,3.843331887828580307e+02,2.661822683801458425e+02,2.411679912426190810e+02,1.675857989210302890e+02,1.152085066303699676e+02,8.459905436823747493e+01,2.241428116179504002e+02,9.999900000000000000e+04,3.139968152704737463e+02,2.697424697744127684e+02,1.488623525274271628e+02,2.559882809817668203e+02,2.756827887264636843e+02,2.889169430822636855e+02,2.727343029396925544e+02,3.715171597651984712e+02,1.783928249678220652e+02,1.422743827960606495e+02,1.876832437912345881e+02,4.114073407220634522e+02,4.733201876108814190e+02,4.771048102880540114e+02,4.096352035653185908e+02,1.205985074534506793e+02,2.781726082848560964e+02,7.920858539325141123e+01,1.118793993548410128e+02,1.087060255919606391e+02,4.225470388015990011e+02,4.870287465848396664e+02,2.634634699536161406e+02,3.800052631214467738e+02,4.127044947659281320e+02,1.855505322007996938e+02,2.896756807189723304e+02,2.832137002335868488e+02,2.399541622893839303e+02,2.829310870159021647e+02,2.738923146055763027e+02,4.405144719529654935e+02,2.614000765110828866e+02,5.011985634456667071e+01,2.783127736917585366e+02,3.675554379954131718e+02,1.775302791075370408e+02,1.586442561204155197e+02,2.807133769523639799e+01,4.537245860651591443e+02,2.892334697091607154e+02,3.330060059518446565e+02,1.448033148791836311e+02,2.388911886194214560e+02,4.121456053386958160e+02,3.276217331008430165e+02,4.310742395458118494e+02,1.940541161635073308e+02,3.043813397697040273e+02,4.261842324629103587e+02,4.531004303683676682e+01
5.108815909777920439e+01,1.966977376585709578e+02,1.120892501536164332e+02,3.005628054167714254e+02,2.596497641054195356e+02,7.156814934033155851e+01,8.823264701911645602e+01,1.208801058900926080e+02,2.164740169165805526e+02,3.171198511604090413e+02,2.522003172083651350e+02,2.439385168438965366e+02,3.139968152704737463e+02,9.999900000000000000e+04,3.245689449100144657e+02,3.437120888185342551e+02,3.564547657136877206e+02,7.003570517957251695e+01,3.914958492755702082e+02,4.146058369101911012e+02,2.053509191603485249e+02,2.044162420161372609e+02,3.711872842649651147e+02,1.325028301584536052e+02,9.741663102366042892e+01,1.910026177831078940e+02,1.646845469374707420e+02,2.553840245590941436e+02,3.558791929854849059e+02,1.643958636949239178e+02,2.599769220527083462e+02,3.381198012539342699e+02,2.475419156425836604e+02,2.046362626711111545e+02,2.611225765804251751e+02,1.570636813525011064e+02,7.223572523343280238e+01,1.342721117730707192e+02,2.027140843651471585e+02,3.316051869316883653e+02,2.024746897762779554e+02,2.460894146443523880e+02,2.152301094178042717e+02,2.734904020253727026e+02,1.565407295242998487e+02,3.296604313532335482e+02,2.734264069178395857e+02,3.605551275463989214e+01,1.261150268604023239e+02,2.723692346796898960e+02,1.916507239746304663e+02,3.154837555247496539e+02,1.964688270438849997e+02,2.103948668575352769e+02,3.360059523282288296e+01,2.170023041352326345e+02,3.536000565610814306e+02,1.178897790310932834e+02,8.105553651663777259e+01,1.225275479229058959e+02,3.150507895562237763e+02,1.702938636592640265e+01,1.535740863557390696e+02,3.367328317821118162e+02
3.330540496676177895e+02,3.481106146040364706e+02,2.872646863086376925e+02,3.050065573065602393e+02,3.610886317789581312e+02,3.834070943527258351e+02,3.509102449345131163e+02,2.048926548219823189e+02,1.409184161137216336e+02,3.725426150120278521e+02,3.023243291566194557e+02,8.386298349093002003e+01,2.697424697744127684e+02,3.245689449100144657e+02,9.999900000000000000e+04,4.098499725509323639e+02,4.609772228646443892e+01,2.545584412271571182e+02,6.977105417004963783e+01,1.062120520468369449e+02,4.976906669810073822e+02,1.438923208513922134e+02,4.103961500794080166e+02,2.904961273407960789e+02,3.935848066173286384e+02,3.706008634636460215e+02,4.627958513210765545e+02,2.153415891090246532e+02,3.883104428160540920e+02,4.153227660506946108e+02,2.012486024796197057e+02,1.755733464965568089e+02,3.250015384578971407e+02,5.192850854781022463e+02,3.212631320273149527e+02,3.994621383810986686e+02,3.919043250590633534e+02,3.281249761904753086e+02,3.647793853824528014e+02,2.012461179749810825e+01,4.424850279952983669e+02,7.864477096412704782e+01,1.212476803901831346e+02,5.758472019555187416e+01,3.510270644836377869e+02,1.300000000000000000e+01,2.829858653713997683e+02,2.988394217635952828e+02,2.728552729928450731e+02,4.023182819609369858e+02,1.744505660638565985e+02,2.958800432607782227e+02,5.203124061561477447e+02,4.513058829663092411e+02,3.578658966708060234e+02,3.360431519909310509e+02,5.818934610390461870e+01,4.409410391424232216e+02,2.704163456597992194e+02,4.352148894511767594e+02,7.854934754662193086e+01,3.075922625814895355e+02,4.780794912982568121e+02,3.149730147171341628e+02
2.960608045655486649e+02,5.288251128681390583e+02,2.370021096952514483e+02,1.060754448494089530e+02,5.845647953820003977e+02,4.028895630318561416e+02,2.659266816248418763e+02,3.212631320273149527e+02,2.858198733468336172e+02,3.764306044943742080e+01,1.158835622510802921e+02,3.503826479721848273e+02,1.488623525274271628e+02,3.437120888185342551e+02,4.098499725509323639e+02,9.999900000000000000e+04,4.016590594023742256e+02,3.349283505467997770e+02,4.360561890398988680e+02,4.215400336860071207e+02,3.106525390206878683e+02,2.920273959751036728e+02,3.569313659514949677e+01,2.160208323287363044e+02,4.340046082704652690e+02,5.296489403368990452e+02,4.873243273221643790e+02,5.131013545100032616e+02,3.959797974644666141e+01,2.330407689654323065e+02,2.086767835673149420e+02,2.607316628259790150e+02,1.042353107157070866e+02,3.733871984950743013e+02,5.709544640336915791e+02,2.247420743875076141e+02,3.921887300777522114e+02,4.690042643729372571e+02,1.464137971640651017e+02,4.291479931212541601e+02,2.173890521622466565e+02,3.656036104854545670e+02,3.957903485432660204e+02,4.032183031559951587e+02,4.948747316240747409e+02,4.030508652763321038e+02,1.271219886565656338e+02,3.142387627266884351e+02,4.365879063831246185e+02,8.502352615599990315e+01,2.629676786222976261e+02,1.208139064843116444e+02,4.194305663634924031e+02,2.191072796599875687e+02,3.490057306119771852e+02,1.270275560656033349e+02,3.852544613628763841e+02,4.080098038037811534e+02,3.885254174439556323e+02,4.379783099652310625e+02,3.381612041615655357e+02,3.411627177755506182e+02,4.054639318114498110e+02,1.110180165558725918e+02
3.596804137008297175e+02,3.927569222814538534e+02,3.067898303399250608e+02,2.956112311804137107e+02,4.070307113720044754e+02,4.185618233905237844e+02,3.738034242753803369e+02,2.355928691620355551e+02,1.555538491969903134e+02,3.651972069991773537e+02,3.007074990750978714e+02,1.126143862923383381e+02,2.559882809817668203e+02,3.564547657136877206e+02,4.609772228646443892e+01,4.016590594023742256e+02,9.999900000000000000e+04,2.870627109187119572e+02,3.848376280978771291e+01,6.198386886924694039e+01,5.189267771082929812e+02,1.622898641320523154e+02,3.982461550347975390e+02,3.070260575260673477e+02,4.308155057562343586e+02,4.146637191749478575e+02,5.008922039720721955e+02,2.613981637272917169e+02,3.764704503676218224e+02,4.328071163925103519e+02,1.966519768525096765e+02,1.515684663774097771e+02,3.251292050862241467e+02,5.451825382383408396e+02,3.673486082728502993e+02,4.166017282729393401e+02,4.258004227334679399e+02,3.703039292257104762e+02,3.734715517947786338e+02,5.887274411814010477e+01,4.572001749780942532e+02,1.128716084761797021e+02,1.632176461048253202e+02,1.014347080638575136e+02,3.939606579342663508e+02,3.405877273185280529e+01,2.770451226785990571e+02,3.282072515956952543e+02,3.146823795511912749e+02,4.037883108758845765e+02,1.894043294119751693e+02,2.834254752135029776e+02,5.502181385596080645e+02,4.657832113762796666e+02,3.891799069839037770e+02,3.412477106150311101e+02,1.835755975068581947e+01,4.739894513594157957e+02,3.083018001893598807e+02,4.709405482648526231e+02,6.419501538281613762e+01,3.396969237423265326e+02,5.090825080475659092e+02,3.002682134359213251e+02
9.124143795447329808e+01,1.949897433200013097e+02,1.008017856984686489e+02,2.719356541536986356e+02,2.496898075613019614e+02,1.332704018152567755e+02,1.230365799264592681e+02,5.235456045083369503e+01,1.531600470096558695e+02,3.032952357027719472e+02,2.291724241700994753e+02,1.744505660638565985e+02,2.756827887264636843e+02,7.003570517957251695e+01,2.545584412271571182e+02,3.349283505467997770e+02,2.870627109187119572e+02,9.999900000000000000e+04,3.217265920001018458e+02,3.458916015170070750e+02,2.629372548727167214e+02,1.400892572612189895e+02,3.574143253984092894e+02,1.206150902665168161e+02,1.509602596712128104e+02,1.994617757867406453e+02,2.220360331117451835e+02,2.068139260301394700e+02,3.393302226445501901e+02,2.027140843651471585e+02,2.108577719696383497e+02,2.811867706703144449e+02,2.319180889883322436e+02,2.710295186875407580e+02,2.390188277102872974e+02,1.909188309203678386e+02,1.389568278279264746e+02,1.382244551445220964e+02,2.092462663944090480e+02,2.616199533674753752e+02,2.391505801790997054e+02,1.761391495380853769e+02,1.467685252361690686e+02,2.036565736724449494e+02,1.657105910918188840e+02,2.597864507629295190e+02,2.425716389028198137e+02,5.044799302251775686e+01,1.018331969448077388e+02,2.760072462816873440e+02,1.335402561027947002e+02,2.828161947272468524e+02,2.663174797117155208e+02,2.479455585405796398e+02,1.034794665622122380e+02,2.101547049199708113e+02,2.848613697923956920e+02,1.869465164157920469e+02,5.408326913195983821e+01,1.860430057809215327e+02,2.482136176763877700e+02,5.303772242470447651e+01,2.236067977499789663e+02,3.056926561106759550e+02
3.965513838079498896e+02,4.157078300922415792e+02,3.449246294482317694e+02,3.300136360819049628e+02,4.248870438128232649e+02,4.520011061933366818e+02,4.115167068297470792e+02,2.708966592632696120e+02,1.938710911920598789e+02,4.000199995000249942e+02,3.374314745248285021e+02,1.477870089013239294e+02,2.889169430822636855e+02,3.914958492755702082e+02,6.977105417004963783e+01,4.360561890398988680e+02,3.848376280978771291e+01,3.217265920001018458e+02,9.999900000000000000e+04,4.588027898781784586e+01,5.569811486935622042e+02,2.002623279601033630e+02,4.310510410612645842e+02,3.454156915949245104e+02,4.629092783688830082e+02,4.388815329903959537e+02,5.323532661682465914e+02,2.761159176867570864e+02,4.094984737456294965e+02,4.711910440575032908e+02,2.332059175921571637e+02,1.808258831030557872e+02,3.621739913356562397e+02,5.823787427439294788e+02,3.834709897762801916e+02,4.550010988997718755e+02,4.599445618767549036e+02,3.976153920561928885e+02,4.117329231431462517e+02,7.236711960552250389e+01,4.956823579672772553e+02,1.458663772087316772e+02,1.909790564433702400e+02,1.271219886565656338e+02,4.201809134170661082e+02,6.220128616033594682e+01,3.127059321471212456e+02,3.641936298179857090e+02,3.424762765506539495e+02,4.409535122889940340e+02,2.277740108089595026e+02,3.166970160895110098e+02,5.862021835510338406e+02,5.042667944649934952e+02,4.244997055358224998e+02,3.791530034168264365e+02,5.147815070493500400e+01,5.085951238460706918e+02,3.398426106302739527e+02,5.040634880647476734e+02,1.012027667605980099e+02,3.746211419554427380e+02,5.446209691152187133e+02,3.324154027718932412e+02
4.144828102587609351e+02,4.542158077390085964e+02,3.568669219751250807e+02,3.165375175235946585e+02,4.666176164698457001e+02,4.782802525716486457e+02,4.257757625793182683e+02,2.938741227124293687e+02,2.060412580043133062e+02,3.868656097406436629e+02,3.307642665101537318e+02,1.721859460002470712e+02,2.727343029396925544e+02,4.146058369101911012e+02,1.062120520468369449e+02,4.215400336860071207e+02,6.198386886924694039e+01,3.458916015170070750e+02,4.588027898781784586e+01,9.999900000000000000e+04,5.686202599274844260e+02,2.149604614807104497e+02,4.130012106519786244e+02,3.546730889142845626e+02,4.914712606043206051e+02,4.764031905854535580e+02,5.618300454763877951e+02,3.191002977121769959e+02,3.920816241549710526e+02,4.798207998826228504e+02,2.277059507347140084e+02,1.611117624507906498e+02,3.565066619293389749e+02,5.985398900658167349e+02,4.260105632493166468e+02,4.634533417723945945e+02,4.848463674196187867e+02,4.322834718098761755e+02,4.129176673381753062e+02,1.140175425099137954e+02,5.014957626939633428e+02,1.739942527786478479e+02,2.251976909295474911e+02,1.630245380303223044e+02,4.559265291689001742e+02,9.534149149242422538e+01,3.028398916919632029e+02,3.850116881342694910e+02,3.766497046328325382e+02,4.351608897867546375e+02,2.386629422428207761e+02,3.008055850545331964e+02,6.064866033145332267e+02,5.097842680977905729e+02,4.468612760130374113e+02,3.777088826066975003e+02,6.103277807866851390e+01,5.324434242245837368e+02,3.693995127230137427e+02,5.308493194871780361e+02,1.048093507278811387e+02,3.980452235613436187e+02,5.661881312779348718e+02,3.140143308831620743e+02
1.719912788486672071e+02,3.796801285292660850e+02,2.121909517392294333e+02,3.347670832086093924e+02,4.447752241301217282e+02,2.046875667938822403e+02,1.471665722914004562e+02,3.003281538584087116e+02,3.636619309193636127e+02,3.056599417653546311e+02,2.871793864468687616e+02,4.138900820266172786e+02,3.715171597651984712e+02,2.053509191603485249e+02,4.976906669810073822e+02,3.106525390206878683e+02,5.189267771082929812e+02,2.629372548727167214e+02,5.569811486935622042e+02,5.686202599274844260e+02,9.999900000000000000e+04,3.567197779770557986e+02,3.462036972650639086e+02,2.143361845326168975e+02,2.302628932329305940e+02,3.640013736237818307e+02,2.433187210224482442e+02,4.607341966904562014e+02,3.422995763947130285e+02,9.404786015641185770e+01,3.592617430231056233e+02,4.467683963755717400e+02,2.653337520934719009e+02,6.573431371817918034e+01,4.562477397204286262e+02,1.098089249560344314e+02,1.863035158015006516e+02,3.216364407215078245e+02,1.870401026518109973e+02,5.093888495049729954e+02,9.394147114027967405e+01,4.212754443354133969e+02,4.063557554655772037e+02,4.556884900894469865e+02,3.348850549069038607e+02,4.992644589794070384e+02,3.213985065304442514e+02,2.124923528035773757e+02,3.291838392145033367e+02,2.265656637710136465e+02,3.302620171924104397e+02,3.569775903330627784e+02,1.212476803901831346e+02,9.154780172128657512e+01,1.781796845883390858e+02,2.271849466844139442e+02,5.107974158117873458e+02,1.620771421268279937e+02,2.863930865087353936e+02,2.020396000787964397e+02,4.638124621007934820e+02,2.192099450298731256e+02,1.301076477383247436e+02,3.687926246551034524e+02
1.996496932128872572e+02,3.013171087077532775e+02,1.447549653725218377e+02,1.969466932954194078e+02,3.390870094828169385e+02,2.726169473822197915e+02,2.116341182323870953e+02,8.905054744357273933e+01,1.403566884761819900e+01,2.546546681292137748e+02,1.768530463407402067e+02,6.412487816752559411e+01,1.783928249678220652e+02,2.044162420161372609e+02,1.438923208513922134e+02,2.920273959751036728e+02,1.622898641320523154e+02,1.400892572612189895e+02,2.002623279601033630e+02,2.149604614807104497e+02,3.567197779770557986e+02,9.999900000000000000e+04,3.015327511233232372e+02,1.467003749143130165e+02,2.909982817818689682e+02,3.150872894929276526e+02,3.621118611699981216e+02,2.312768903284545559e+02,2.798856909525744072e+02,2.719779402819279994e+02,9.948869282486326426e+01,1.462771342349856241e+02,1.950000000000000000e+02,3.837629476643101043e+02,3.118926097232828170e+02,2.559785147234040892e+02,2.763837911311009066e+02,2.584356786513812381e+02,2.231882613400624109e+02,1.586190404711868212e+02,2.986000669792289273e+02,7.716216689544170038e+01,1.058017013095725218e+02,1.162110149684615692e+02,2.858478616327223563e+02,1.436732403755132168e+02,1.687601848778319038e+02,1.722614292289484013e+02,2.060509645694482117e+02,2.678002987302292013e+02,3.200000000000000000e+01,1.969873092358997724e+02,3.921861802766640039e+02,3.074150289104291573e+02,2.351276249188937868e+02,1.982523644247402217e+02,1.552191998433183642e+02,3.217576727911861099e+02,1.785497129653251420e+02,3.252460606986654739e+02,1.118257573191436052e+02,1.887432117984644151e+02,3.528299873876935635e+02,2.201022489662475152e+02
3.248538132760642156e+02,5.522264028457893801e+02,2.620534296665471743e+02,1.064048871058091947e+02,6.062557216224849981e+02,4.325020231166554936e+02,2.963055855025348819e+02,3.394230398779670281e+02,2.938860323322631416e+02,5.437830449729009530e+01,1.308625232830240179e+02,3.566987524508601268e+02,1.422743827960606495e+02,3.711872842649651147e+02,4.103961500794080166e+02,3.569313659514949677e+01,3.982461550347975390e+02,3.574143253984092894e+02,4.310510410612645842e+02,4.130012106519786244e+02,3.462036972650639086e+02,3.015327511233232372e+02,9.999900000000000000e+04,2.409585026513901767e+02,4.633206233268707024e+02,5.544312401010606663e+02,5.184756503443531983e+02,5.276030704990257618e+02,2.213594362117865444e+01,2.674210163767986046e+02,2.113764414498456006e+02,2.520495982936691632e+02,1.256702033100925604e+02,4.087052727822336351e+02,5.905294234837075464e+02,2.585207922005500905e+02,4.225186386421314069e+02,4.934136195931361044e+02,1.783171332205629653e+02,4.301092884372528715e+02,2.527924049491993799e+02,3.722633476451852061e+02,4.068316605182050125e+02,4.087701065391157158e+02,5.197932281205671643e+02,4.026512138315244442e+02,1.328834075421005991e+02,3.403527581789223859e+02,4.583939353874569065e+02,1.201041214946431381e+02,2.743027524469997047e+02,1.149347641055568516e+02,4.541585626188281140e+02,2.546566315649368732e+02,3.784507894033251887e+02,1.544344521148049978e+02,3.811626949217354650e+02,4.402749141161689863e+02,4.114000486144842625e+02,4.692430074066101611e+02,3.359598190260257979e+02,3.675350323438569831e+02,4.392095172010734245e+02,9.902019995940221975e+01
9.302150289046076637e+01,3.129297045663770405e+02,2.109502310972898798e+01,1.690118339052032184e+02,3.698337464320961772e+02,1.995820633223336529e+02,8.115417426109392807e+01,1.212971557786908647e+02,1.516113452219193221e+02,1.865904606350496238e+02,1.198165264060012731e+02,2.085209821576715967e+02,1.876832437912345881e+02,1.325028301584536052e+02,2.904961273407960789e+02,2.160208323287363044e+02,3.070260575260673477e+02,1.206150902665168161e+02,3.454156915949245104e+02,3.546730889142845626e+02,2.143361845326168975e+02,1.467003749143130165e+02,2.409585026513901767e+02,9.999900000000000000e+04,2.285366491396948732e+02,3.137658362537259791e+02,2.911631844859510920e+02,3.164806471176397054e+02,2.245373020235167871e+02,1.257815566766447688e+02,1.508409758653131973e+02,2.377603835797713430e+02,1.158360910942699178e+02,2.510079680010178436e+02,3.594245400636968384e+02,1.095901455423798581e+02,1.935071058126806918e+02,2.530019762768662588e+02,9.176055797563569172e+01,3.045472048796376612e+02,1.521216618368337379e+02,2.187898535124515433e+02,2.211447489767731156e+02,2.565306999171834264e+02,2.790412155936825229e+02,2.903187902978379498e+02,1.432236014070306851e+02,9.974467404327911879e+01,2.223195897801181218e+02,1.558717421471897069e+02,1.176477794095579128e+02,1.853887806745597118e+02,2.725307322119837750e+02,1.610124218810461798e+02,1.466696969383928320e+02,8.982761268117950237e+01,2.977549327886945321e+02,2.245105788153422282e+02,1.732426044597575299e+02,2.441311123146740556e+02,2.499479945908748562e+02,1.270472353103364469e+02,2.410062239860207569e+02,2.056501884268526510e+02
1.385784976105600492e+02,1.528397853963423927e+02,2.086767835673149420e+02,3.973361297440744693e+02,2.170069123323033580e+02,3.162277660168379256e+01,1.687157372624142511e+02,2.024104740372888784e+02,3.041200420886463007e+02,4.098841299684582964e+02,3.483116420678470604e+02,3.194119597009479321e+02,4.114073407220634522e+02,9.741663102366042892e+01,3.935848066173286384e+02,4.340046082704652690e+02,4.308155057562343586e+02,1.509602596712128104e+02,4.629092783688830082e+02,4.914712606043206051e+02,2.302628932329305940e+02,2.909982817818689682e+02,4.633206233268707024e+02,2.285366491396948732e+02,9.999900000000000000e+04,1.343726162579266088e+02,7.116881339463233758e+01,2.698833081166747547e+02,4.492215489043240382e+02,2.276927754672949789e+02,3.557442901860829352e+02,4.309350299059012173e+02,3.418844834150856968e+02,2.001049724519608333e+02,2.350340400878136506e+02,2.262587014901305338e+02,4.686149805543992386e+01,1.029611577246487713e+02,2.890000000000000000e+02,3.968072579981369472e+02,2.633514761682569087e+02,3.179591168688201037e+02,2.747107569790451294e+02,3.380014792867037272e+02,1.082266141020775052e+02,4.008216561015634625e+02,3.705671329192593362e+02,1.331840831330831350e+02,1.367515996250135402e+02,3.576045301726475714e+02,2.831960451701258989e+02,4.126838984016701488e+02,1.649060338495835651e+02,2.694290259047825771e+02,8.500000000000000000e+01,3.090113266532474654e+02,4.308236298069083432e+02,7.600000000000000000e+01,1.232233744059949032e+02,4.695742752749558235e+01,3.974682377247268619e+02,1.080740486888503682e+02,1.222006546627308410e+02,4.337107330929222258e+02
