9.999900000000000000e+04,9.190005440694798153e+02,1.198746011463646028e+03,1.477503637897382532e+03,1.505924964930191891e+03,1.082161263398390247e+03,4.901805789706482983e+02,1.160573134274613494e+03,9.495641105265088981e+02,1.074318853972134320e+03,9.053667765055221253e+02,1.515998021106887791e+03,1.061878053262237927e+03,6.547831702174391921e+02,6.036969438385455078e+02,8.709087208198112648e+02,4.940951325402832026e+02,2.098655998490462480e+03,8.350724519465361482e+02,3.196513725920788147e+02,6.546357765964215787e+02,1.103290532905997452e+03,1.403034568355320289e+03,1.466896383525434885e+03,1.775784896883628790e+03,1.611899810782295390e+03,7.211102550927978427e+01,1.992009036124083536e+02,1.027861858422618980e+03,6.710067063748319924e+02,8.694509761912974000e+02,1.743291427157261069e+03,3.451144737619678722e+02,1.427659973523107510e+03,8.001031183541281280e+02,4.363312961500698748e+02,6.842433777538515187e+02,1.904038339950117688e+03,1.470838196403669599e+03,3.602124373199793013e+02,1.522538997858511266e+03,1.989271223337833305e+02,1.076138466927002810e+03,1.089623788286580975e+03,3.805535441958201091e+02,3.489197615498439973e+02,1.393138901904616205e+03,1.921262605684084974e+03,3.175169286825507129e+02,1.162473655615472353e+03,4.870164268276789699e+02,1.094859351697742113e+03,2.343074902771996335e+02,5.461584019311613929e+02,1.401493845865903268e+03,1.013449554738665825e+03,1.048443131504994881e+03,2.879201278132530888e+02,2.939013439914829746e+02,1.772154056508632038e+03,1.759222839778974731e+03,1.000742224551357708e+03,6.554052181665934995e+02,1.477514805340372959e+03
9.190005440694798153e+02,9.999900000000000000e+04,4.111666328874462693e+02,1.013521090061770792e+03,1.130366312307651924e+03,1.995820633223336529e+02,6.680965499087687931e+02,5.810232353357307602e+02,1.589024858207070281e+02,4.548197445142416200e+02,3.459841036810795458e+02,5.971465481772460180e+02,1.452896761645506558e+03,8.644657309575666204e+02,4.456007181322759152e+02,1.681903683330291130e+02,5.577669764337074412e+02,1.319360830099180930e+03,1.030386335313119389e+03,1.156872075901220796e+03,1.054351933654033701e+03,1.050220929138245765e+03,4.858353630603684223e+02,1.363704146800177568e+03,1.009729666792057742e+03,8.999894443825438657e+02,9.861571882818682298e+02,8.779322297307463714e+02,6.469327631214854364e+02,3.504168945698822881e+02,5.544988728572853915e+02,1.045451577070884696e+03,6.310641805711999268e+02,6.980580205111892838e+02,3.481106146040364706e+02,8.629443782770706548e+02,1.183240043271017839e+03,1.214144966632897649e+03,1.361555360607860166e+03,7.775454970611044700e+02,6.150357713174088303e+02,1.115846763673220494e+03,1.350700558969307622e+03,1.008845875245569914e+03,1.298331621736141869e+03,6.343918347519929739e+02,1.604982865952157226e+03,1.209469305108649678e+03,9.001605412369507349e+02,1.417653342675846034e+03,7.955658363705671263e+02,1.278840490444371198e+03,8.639456001392679809e+02,1.059309680877126766e+03,4.915495905806452583e+02,6.292296877929394441e+02,1.430235295327310723e+03,6.835934464285039667e+02,8.920201791439474164e+02,1.037460360688542096e+03,1.148933853622565948e+03,3.528809997718777822e+02,5.425366347077402907e+02,1.723387362144680537e+03
1.198746011463646028e+03,4.111666328874462693e+02,9.999900000000000000e+04,6.615081254225075327e+02,8.013900423638916664e+02,4.710169848317574406e+02,1.055615933945675124e+03,2.725912691191704198e+02,2.805851029545225401e+02,2.066518811915342724e+02,3.090258888831160675e+02,5.121816084163897358e+02,1.420079223142145793e+03,8.981787127292652713e+02,8.412098430237249431e+02,5.765847726050350275e+02,7.312797002515521854e+02,9.271057113404058327e+02,9.967396851736164081e+02,1.366244853604213858e+03,1.105319863207026629e+03,8.904212486233692516e+02,3.838880045013128779e+02,1.123007123753006226e+03,6.088710865199627733e+02,4.888813762049031197e+02,1.255853494640198960e+03,1.209859909245694553e+03,1.036017374371685037e+03,5.283578332910377640e+02,4.772682683774398811e+02,6.343697659882601556e+02,8.616263691415206267e+02,9.360795906331896958e+02,7.589288504201167598e+02,9.936201487490076261e+02,1.244750979111886409e+03,8.032745483332581671e+02,1.118472619244655561e+03,9.491011537238799747e+02,6.135511388629313387e+02,1.380754866006272778e+03,1.281440595579834053e+03,8.461583776102438605e+02,1.558185162296188764e+03,8.604190839352646663e+02,1.473131358704986724e+03,8.001612337522982443e+02,1.076312686908409432e+03,1.329162518279837741e+03,1.183169049629003666e+03,1.181238756560247566e+03,1.204014950073295495e+03,1.156470924839876716e+03,3.341751038003878307e+02,4.440990880422971827e+02,1.396544664520258038e+03,1.020416581597927575e+03,1.077223282332869076e+03,6.296427558544606882e+02,7.438716287102230353e+02,2.130469431838908179e+02,6.176244813800695965e+02,1.594318036026689470e+03
1.477503637897382532e+03,1.013521090061770792e+03,6.615081254225075327e+02,9.999900000000000000e+04,1.568215546409357728e+02,1.123876327715821162e+03,1.535688119378410875e+03,4.326118352518802794e+02,8.549415184677839079e+02,5.595230111443138412e+02,7.072552580221655489e+02,1.102682637933507976e+03,1.165368611212778433e+03,9.010138733671085447e+02,1.359906246768504161e+03,1.178504560873652281e+03,9.980826619073192205e+02,8.301192685391660007e+02,8.523620122928989531e+02,1.507560280718485956e+03,1.060128765763857473e+03,5.672997444032563408e+02,9.982289316584648304e+02,5.747208017811778973e+02,5.980710660113896893e+02,4.313420916163874494e+02,1.509702288532411330e+03,1.570611345941445734e+03,1.660444819920252485e+03,9.098335012517400173e+02,6.217668373273055522e+02,4.530275929786175766e+02,1.148867703436736065e+03,1.596558799418298804e+03,1.344360814662492203e+03,1.103058475331203908e+03,1.179153085905303442e+03,5.417868584600405484e+02,5.669373863135152760e+02,1.130363658297629399e+03,1.227918564074996084e+03,1.608380862855561418e+03,9.940005030179813730e+02,5.399120298715338322e+02,1.754998575497997308e+03,1.142273172231581384e+03,1.049240201288532489e+03,5.859701357577876024e+02,1.227401319862415676e+03,9.997329643459797808e+02,1.652519288843552431e+03,8.694929556931441539e+02,1.579353348684201137e+03,1.168538403305599559e+03,9.356634010155574970e+02,4.759464255564905670e+02,1.144699960688389183e+03,1.416031426204941226e+03,1.241194988710476537e+03,5.338436100582266590e+02,3.383252872606479968e+02,6.643869354525268136e+02,8.307833652643749929e+02,1.160038361434655371e+03
1.505924964930191891e+03,1.130366312307651924e+03,8.013900423638916664e+02,1.568215546409357728e+02,9.999900000000000000e+04,1.254464427554643635e+03,1.610751687877433142e+03,5.536244214266563404e+02,9.716058871785411384e+02,6.766187996205840136e+02,8.062660851108646511e+02,1.256359821070381031e+03,1.075846178596178333e+03,8.927961693466207862e+02,1.448198881369544551e+03,1.291609848212686757e+03,1.044865541588964561e+03,9.456008671738832163e+02,8.092465631684819982e+02,1.502651323494575763e+03,1.028603908217346770e+03,5.012025538642037077e+02,1.149269333098208108e+03,4.304056226398535046e+02,7.404660694454540817e+02,5.826190865393958802e+02,1.531329487732800089e+03,1.615966893225229342e+03,1.775052111911084239e+03,9.868941179275515196e+02,6.834654343856753940e+02,5.864887040685438251e+02,1.191645081389588995e+03,1.737339632887018524e+03,1.450094134875387908e+03,1.107079491274226484e+03,1.136422896636634960e+03,6.477931768705193463e+02,4.220154025625130885e+02,1.149828248044028442e+03,1.380140934832381618e+03,1.621158227934583920e+03,9.029241385631463572e+02,4.844068537913145747e+02,1.757045531567124726e+03,1.184160884339623863e+03,9.219121433195248301e+02,6.976532089799343339e+02,1.235025910659367582e+03,8.974034767037622942e+02,1.722724876467510740e+03,7.782550995656886244e+02,1.627995700240022188e+03,1.145502946307865159e+03,1.087366083708702035e+03,5.453310920899339180e+02,1.056627181176028671e+03,1.473625461234977365e+03,1.251240983983501110e+03,6.711810486001522804e+02,4.376402632299729589e+02,7.775892231763504014e+02,8.793508969688948582e+02,1.028124506078908780e+03
1.082161263398390247e+03,1.995820633223336529e+02,4.710169848317574406e+02,1.123876327715821162e+03,1.254464427554643635e+03,9.999900000000000000e+04,7.605077251415661976e+02,7.017271549541175091e+02,3.146633121290119561e+02,5.845237377557904210e+02,5.176717106429517798e+02,4.538160420258411136e+02,1.650682888988675586e+03,1.063582624905089460e+03,5.398675763555355616e+02,2.204926302623287313e+02,7.544594091135718372e+02,1.299650722309651883e+03,1.226471768937222578e+03,1.338159930651041350e+03,1.253923841387506172e+03,1.228352148205065760e+03,3.715279262720367797e+02,1.524648812021968524e+03,1.010665622250999490e+03,9.347395359136147590e+02,1.151792081931457005e+03,1.015307835092392111e+03,5.785784302927304452e+02,5.499209034033895023e+02,7.360461942025106055e+02,1.076654076293774096e+03,8.171566557276518097e+02,5.119628892800727158e+02,3.763509000919221990e+02,1.059818852446020628e+03,1.382526672437099933e+03,1.239893947077732946e+03,1.521747679479091630e+03,9.709541698762100168e+02,4.408106169320334971e+02,1.280923494983209366e+03,1.545174747399141324e+03,1.185823342661123434e+03,1.462658538415579869e+03,8.213805451798818922e+02,1.792407598734171870e+03,1.226174946734763353e+03,1.091237829256299165e+03,1.610298109046893160e+03,8.822255947318690232e+02,1.469602667390066927e+03,9.961892390504928017e+02,1.257425942153254709e+03,4.016217125604640614e+02,7.911997219413060520e+02,1.627912774076055939e+03,8.248036129891769406e+02,1.081721313462945545e+03,1.052506056989697299e+03,1.207838565372044968e+03,4.966205795172004400e+02,7.413049305110549767e+02,1.911724090971288661e+03
4.901805789706482983e+02,6.680965499087687931e+02,1.055615933945675124e+03,1.535688119378410875e+03,1.610751687877433142e+03,7.605077251415661976e+02,9.999900000000000000e+04,1.132917031384028633e+03,7.750309671232498658e+02,1.014554089243151225e+03,8.421235063813383022e+02,1.213871904279854334e+03,1.467286611402148765e+03,9.367710499369629815e+02,2.241628872048181051e+02,5.435301279598031670e+02,6.058258825768341467e+02,1.980403999188044509e+03,1.142236840589551321e+03,8.095060222135472259e+02,1.027860399081509513e+03,1.329475460473039448e+03,1.127113570142778372e+03,1.697777959569507402e+03,1.664394484489779870e+03,1.534460817355725112e+03,5.573984212392424524e+02,3.256777548436490974e+02,5.437986759822057365e+02,6.260966379082385629e+02,9.278146366597155748e+02,1.678386129589970096e+03,5.038303285829466631e+02,9.848502424226741141e+02,3.971750243910107656e+02,7.760644303149063035e+02,1.101635148313632953e+03,1.847708039707572425e+03,1.699228060031966379e+03,6.610204232850903736e+02,1.183490599878173953e+03,6.619433510505260756e+02,1.439543330365571137e+03,1.301594791016005956e+03,8.205766265255183498e+02,5.136788880224687546e+02,1.749948856395523308e+03,1.850576396693743618e+03,7.097069817889633896e+02,1.523892384651882139e+03,1.278827588066507133e+02,1.423516771941939624e+03,2.929795214686514555e+02,9.531106966139872156e+02,1.146406559646271489e+03,1.066437527471721978e+03,1.449879995034071726e+03,2.255770378385176116e+02,6.872735990855461523e+02,1.683123584292015039e+03,1.748842474324088471e+03,9.136760914021992903e+02,7.504831776928780300e+02,1.850217554775653980e+03
1.160573134274613494e+03,5.810232353357307602e+02,2.725912691191704198e+02,4.326118352518802794e+02,5.536244214266563404e+02,7.017271549541175091e+02,1.132917031384028633e+03,9.999900000000000000e+04,4.223481975810954054e+02,1.272517190453630036e+02,2.908006189814595359e+02,7.789865210643891942e+02,1.187739449542701777e+03,7.226236918341385262e+02,9.427300780180931952e+02,7.459463787699488648e+02,6.667563273040609602e+02,9.482304572201844621e+02,7.788324595187336854e+02,1.267020520749368188e+03,9.238322358523759021e+02,6.289864863413204148e+02,6.540030580968257254e+02,8.508636788581352448e+02,6.304680800801893383e+02,4.548021547882111690e+02,1.206486634820294967e+03,1.216350689562841580e+03,1.227896575449251714e+03,5.205573935696236276e+02,3.116167517961766862e+02,5.827426533213439370e+02,8.160012254892758392e+02,1.193745785332873993e+03,9.135606164891304388e+02,8.670207609971055263e+02,1.061714179993843800e+03,7.444568489845465820e+02,8.464732718757279599e+02,8.531148808923684328e+02,8.852734040961582878e+02,1.321512012809569569e+03,1.038678005928690027e+03,5.851580982948112251e+02,1.488075602918077493e+03,8.117616645296819797e+02,1.209860322516611859e+03,7.606970487651441317e+02,9.720231478725185070e+02,1.079051898659188737e+03,1.255109955342558806e+03,9.311611031395158307e+02,1.218724743328041313e+03,9.977760269719852886e+02,6.004206858528443718e+02,2.104899047460471309e+02,1.164388680810664709e+03,1.043087724019413372e+03,9.788687348158587156e+02,6.158766110187981440e+02,6.185862914743585179e+02,2.330343322345443653e+02,5.131646909131609391e+02,1.330721608752183784e+03
9.495641105265088981e+02,1.589024858207070281e+02,2.805851029545225401e+02,8.549415184677839079e+02,9.716058871785411384e+02,3.146633121290119561e+02,7.750309671232498658e+02,4.223481975810954054e+02,9.999900000000000000e+04,2.959408724728641005e+02,2.030886505937739628e+02,6.054370322337410926e+02,1.355001476013956335e+03,7.800262816085108852e+02,5.616137462705128200e+02,3.241265185078196964e+02,5.224117150294391649e+02,1.206661924484235897e+03,9.269228662623444279e+02,1.152203541046459350e+03,9.801979391939161133e+02,9.137143973912197907e+02,4.777300492956246671e+02,1.214557120929271150e+03,8.894065437132785519e+02,7.641472371212239523e+02,1.011600711743521856e+03,9.410446323102852375e+02,8.055631570522574521e+02,3.029884486246959341e+02,4.228344829835901919e+02,9.093013801815105808e+02,6.287066088407215148e+02,8.266226466774304527e+02,4.972333456235613198e+02,8.171982623574281206e+02,1.114978475128556056e+03,1.078803967363857964e+03,1.212020214352879520e+03,7.485432519233607991e+02,6.564518261075979808e+02,1.139756114263047039e+03,1.240790876820102994e+03,8.711601460122013805e+02,1.320781965352343832e+03,6.296133734284874208e+02,1.480033783398203468e+03,1.078399740356051780e+03,8.759389248115418241e+02,1.302881805844260043e+03,9.025990250382502609e+02,1.160238337584136161e+03,9.326371212856585089e+02,1.003173464561338960e+03,4.622780548544349699e+02,4.794163117792301136e+02,1.331860728454743594e+03,7.487656509215684082e+02,8.719919724401137273e+02,9.091941486833271711e+02,1.000954044899165183e+03,1.944865033877672431e+02,4.609945769746104247e+02,1.599823115222429806e+03
1.074318853972134320e+03,4.548197445142416200e+02,2.066518811915342724e+02,5.595230111443138412e+02,6.766187996205840136e+02,5.845237377557904210e+02,1.014554089243151225e+03,1.272517190453630036e+02,2.959408724728641005e+02,9.999900000000000000e+04,1.766465397340123502e+02,7.156710138045273197e+02,1.213577356413673442e+03,7.023190158325488710e+02,8.196810355254048091e+02,6.190032310093381511e+02,5.856526274166282064e+02,1.024363216832779472e+03,7.912502764612471537e+02,1.206921704171401416e+03,9.087425377960470314e+02,6.903832269109672097e+02,5.850444427562747478e+02,9.483427650380425575e+02,7.016701504268227154e+02,5.405201198845422823e+02,1.124726188901103114e+03,1.115542020723558380e+03,1.101399564190943465e+03,4.153564734056759562e+02,2.778488797889961006e+02,6.778819956305079586e+02,7.295484905062857024e+02,1.085011520676163173e+03,7.863663268477357633e+02,8.181857979701187560e+02,1.048217534674935678e+03,8.443962340039183800e+02,9.447327664477400049e+02,7.886317264731364958e+02,8.098604818115278476e+02,1.244236713812930475e+03,1.075000000000000000e+03,6.461091239101951942e+02,1.415949857869267817e+03,7.264227419347497516e+02,1.272555303316912841e+03,8.550023391780866859e+02,9.125897216164556767e+02,1.123651191429084065e+03,1.138252168897560296e+03,9.758893379886881121e+02,1.115527229609389678e+03,9.682664922427089778e+02,5.389471217104699008e+02,2.397769797123985711e+02,1.190045377286093299e+03,9.366285282864279225e+02,9.166269688373782856e+02,6.993346838245619210e+02,7.342983045057369509e+02,1.060754448494089530e+02,4.473533279187715834e+02,1.393788003966169981e+03
9.053667765055221253e+02,3.459841036810795458e+02,3.090258888831160675e+02,7.072552580221655489e+02,8.062660851108646511e+02,5.176717106429517798e+02,8.421235063813383022e+02,2.908006189814595359e+02,2.030886505937739628e+02,1.766465397340123502e+02,9.999900000000000000e+04,7.627194766098476748e+02,1.166373010661683566e+03,6.087692502089769278e+02,6.544134778563167174e+02,4.934541518722889464e+02,4.251976011221135536e+02,1.195078240116520647e+03,7.372007867602964097e+02,1.058013232431428605e+03,8.145360642721720978e+02,7.106848809423203193e+02,6.300357132734619654e+02,1.017731791780132994e+03,8.718973563441971919e+02,7.158002514668460208e+02,9.585369059144253470e+02,9.398010427744800381e+02,9.746019700369992051e+02,2.397269279826527963e+02,2.213504009483606012e+02,8.542411837414537104e+02,5.624597763396063783e+02,1.029626145744172618e+03,6.441676800337005488e+02,6.859737604311114865e+02,9.527581015137053555e+02,1.021007835425370331e+03,1.015616069191503129e+03,6.403124237432848531e+02,8.332214591571679421e+02,1.080757604645926222e+03,1.045262168070766847e+03,6.682342403678518394e+02,1.255701397626043899e+03,5.602017493724916903e+02,1.278047338716371542e+03,1.031093109277721851e+03,7.673538948881408714e+02,1.104740693556637325e+03,9.645776277729024741e+02,9.607351351959601971e+02,9.392598149606955076e+02,8.550368413115309068e+02,5.986551595033655531e+02,2.839806331424732662e+02,1.143015310483634721e+03,7.600190787078965968e+02,7.685473310083120850e+02,8.735176014254092252e+02,9.079306140889842709e+02,9.752948272189287593e+01,3.104657791126101074e+02,1.398113371654816774e+03
1.515998021106887791e+03,5.971465481772460180e+02,5.121816084163897358e+02,1.102682637933507976e+03,1.256359821070381031e+03,4.538160420258411136e+02,1.213871904279854334e+03,7.789865210643891942e+02,6.054370322337410926e+02,7.156710138045273197e+02,7.627194766098476748e+02,9.999900000000000000e+04,1.921204049548095327e+03,1.370959153293780673e+03,9.936800289831732016e+02,6.736467917239716598e+02,1.126271725650608687e+03,9.724633669192891148e+02,1.493540759403639413e+03,1.747731386683891969e+03,1.575663035042708543e+03,1.402564793512228334e+03,1.329812016790343137e+02,1.618855459885162190e+03,7.507449633530684423e+02,7.609001248521385605e+02,1.583303508491028424e+03,1.464328173600439868e+03,9.420456464524423836e+02,9.068627239003707246e+02,9.689298220201502545e+02,8.737579756431410942e+02,1.220672765322467512e+03,6.042391910493723799e+02,8.239908980079816274e+02,1.422590946126116705e+03,1.712847045126913827e+03,1.007859117138898569e+03,1.613539277489085407e+03,1.352167519207587020e+03,1.350296263788062276e+02,1.712993286618485172e+03,1.788586033714900623e+03,1.358311451766493747e+03,1.895478039967754512e+03,1.222950939326676234e+03,1.985250110187630753e+03,9.762171889492624359e+02,1.478790384063948295e+03,1.839076126754953066e+03,1.334412604856533790e+03,1.691438736697253262e+03,1.446779181492462612e+03,1.606575550666696699e+03,1.786197077592503604e+02,9.551554847248693250e+02,1.897695707957416516e+03,1.271705940852679987e+03,1.473533168951415291e+03,8.173542683561394142e+02,1.052507957214576209e+03,6.871280812192148915e+02,1.060532884921537971e+03,2.106418761785034803e+03
1.061878053262237927e+03,1.452896761645506558e+03,1.420079223142145793e+03,1.165368611212778433e+03,1.075846178596178333e+03,1.650682888988675586e+03,1.467286611402148765e+03,1.187739449542701777e+03,1.355001476013956335e+03,1.213577356413673442e+03,1.166373010661683566e+03,1.921204049548095327e+03,9.999900000000000000e+04,5.932571112089597136e+02,1.450325825461299473e+03,1.531811019675729995e+03,9.459878434736885993e+02,1.992970145285673880e+03,4.291724595078300126e+02,8.323520889623573566e+02,4.417793566929084363e+02,6.034840511562836127e+02,1.788409628692487331e+03,7.449483203551774295e+02,1.728326647367331361e+03,1.541507054800593551e+03,1.032019864149910745e+03,1.256101906693879755e+03,1.911932268674808483e+03,1.109767993771671172e+03,9.526017006073419680e+02,1.606629390992210119e+03,9.807022993752997309e+02,2.144075558370087037e+03,1.585744620044476051e+03,6.929429990987714518e+02,3.776373922163958810e+02,1.707051551652732087e+03,7.537599087242568885e+02,8.091489356107440472e+02,1.999196838732994820e+03,1.034659847486119361e+03,1.729306219268293603e+02,6.385178149433263570e+02,1.066992033709718044e+03,9.713413406213080634e+02,3.798855090681927891e+02,1.751046829756417537e+03,7.649483642704258273e+02,2.025487595617410932e+02,1.514685445892974940e+03,2.976743186773088041e+02,1.288023679906545794e+03,5.204325124355702883e+02,1.748476479681668479e+03,9.827700646641613957e+02,2.353720459187963954e+01,1.244789540444488239e+03,7.888631059949501605e+02,1.678592565216467392e+03,1.500875744357273561e+03,1.234459395849049315e+03,9.109692640259604559e+02,4.314220671222092278e+02
6.547831702174391921e+02,8.644657309575666204e+02,8.981787127292652713e+02,9.010138733671085447e+02,8.927961693466207862e+02,1.063582624905089460e+03,9.367710499369629815e+02,7.226236918341385262e+02,7.800262816085108852e+02,7.023190158325488710e+02,6.087692502089769278e+02,1.370959153293780673e+03,5.932571112089597136e+02,9.999900000000000000e+04,8.788247834466208133e+02,9.385547400125365129e+02,3.606729820765619934e+02,1.647112625171697346e+03,2.057304061144098455e+02,6.100819617067857052e+02,2.071545316907163397e+02,4.498055135277912768e+02,1.238517258660532434e+03,8.122868951300396247e+02,1.341337019544305349e+03,1.156049306906932998e+03,6.634131442773801837e+02,8.100382707008354828e+02,1.331908780660297225e+03,5.176494953151214986e+02,4.245515280858143115e+02,1.260872713639247650e+03,4.330415684434925083e+02,1.551572750469664470e+03,9.986310630057529352e+02,2.228003590661379576e+02,3.465775526487541924e+02,1.400673052500118501e+03,8.161298916226509164e+02,3.023243291566194557e+02,1.434925085152531665e+03,7.372116385407924781e+02,5.185759346518116217e+02,4.398783922858680171e+02,8.647091996735086923e+02,4.231997164460297540e+02,8.178807981607100146e+02,1.431138358091208374e+03,3.516475508232639413e+02,5.984012032073464979e+02,1.011178520341487456e+03,4.874628190949541704e+02,8.330312119002504687e+02,2.782373087851447622e+02,1.207067520895165217e+03,5.175490314936354252e+02,5.713737830877437318e+02,7.320006830597906173e+02,3.712856043533064394e+02,1.313059404596760714e+03,1.221887883563790865e+03,6.921040384219702446e+02,3.225786725746139609e+02,9.240936099768248368e+02
6.036969438385455078e+02,4.456007181322759152e+02,8.412098430237249431e+02,1.359906246768504161e+03,1.448198881369544551e+03,5.398675763555355616e+02,2.241628872048181051e+02,9.427300780180931952e+02,5.616137462705128200e+02,8.196810355254048091e+02,6.544134778563167174e+02,9.936800289831732016e+02,1.450325825461299473e+03,8.788247834466208133e+02,9.999900000000000000e+04,3.208488740824876118e+02,5.203383514598938291e+02,1.762217069489454161e+03,1.081761526400342973e+03,9.054109564170294107e+02,1.009971286720568060e+03,1.221921437736485586e+03,9.039402635130265935e+02,1.581093608866976638e+03,1.448608297642948173e+03,1.325312415998582537e+03,6.757588327206681242e+02,4.916960443200657096e+02,4.650268809434568311e+02,4.666904755831213834e+02,7.757351352104660691e+02,1.470189443575214909e+03,4.725949640019453000e+02,8.239787618622217451e+02,1.985673689204749337e+02,7.642676232838861097e+02,1.106974706124760587e+03,1.639732905079360762e+03,1.581442695768645308e+03,6.496837692293074724e+02,9.700499987114066016e+02,7.973318004444573717e+02,1.396627366193287799e+03,1.189054246029170827e+03,9.715271483597357474e+02,4.814779330353572959e+02,1.694896457014410089e+03,1.640000000000000000e+03,7.338617035927137522e+02,1.477209869991396999e+03,3.506180257773407902e+02,1.361634679346850362e+03,4.674719242906465979e+02,9.606003331250723249e+02,9.223692319239621611e+02,9.040232297900314506e+02,1.430691091745524318e+03,3.180251562376788002e+02,7.154550999189257254e+02,1.470636596851853028e+03,1.551430630095976994e+03,7.154893430373368801e+02,6.309690959151644165e+02,1.802775637731994721e+03
8.709087208198112648e+02,1.681903683330291130e+02,5.765847726050350275e+02,1.178504560873652281e+03,1.291609848212686757e+03,2.204926302623287313e+02,5.435301279598031670e+02,7.459463787699488648e+02,3.241265185078196964e+02,6.190032310093381511e+02,4.934541518722889464e+02,6.736467917239716598e+02,1.531811019675729995e+03,9.385547400125365129e+02,3.208488740824876118e+02,9.999900000000000000e+04,5.978628605290681435e+02,1.471334428333680989e+03,1.120714058089751916e+03,1.140274089857346553e+03,1.113212468489281719e+03,1.177123612880142673e+03,5.835923234587651223e+02,1.505411903765876332e+03,1.167096397046962011e+03,1.064502231092072407e+03,9.416039507138868885e+02,7.957267118804043093e+02,4.834480323674924307e+02,4.258544352240563171e+02,6.845472956633457216e+02,1.209770639418894234e+03,6.319256285355105547e+02,6.174827932825335211e+02,1.837743181187186394e+02,8.974190771317489634e+02,1.233444364371575602e+03,1.377860660589451527e+03,1.503848729094785085e+03,7.980682928170997457e+02,6.581527178398642945e+02,1.069800916058684152e+03,1.444063710505876543e+03,1.137538570774635218e+03,1.250504298273300719e+03,6.375743093945991404e+02,1.714055425008187967e+03,1.371352616944307329e+03,9.109824367132441694e+02,1.515972625082656350e+03,6.674945692662975034e+02,1.382759921316784585e+03,7.760425246080268380e+02,1.099138298850513138e+03,6.046263308854486240e+02,7.765526382673617718e+02,1.509899665540727256e+03,6.065805799726858822e+02,8.987213138676527251e+02,1.198507405066819047e+03,1.316687130642659440e+03,5.149262083056173651e+02,6.275109560796528285e+02,1.830169391067395054e+03
4.940951325402832026e+02,5.577669764337074412e+02,7.312797002515521854e+02,9.980826619073192205e+02,1.044865541588964561e+03,7.544594091135718372e+02,6.058258825768341467e+02,6.667563273040609602e+02,5.224117150294391649e+02,5.856526274166282064e+02,4.251976011221135536e+02,1.126271725650608687e+03,9.459878434736885993e+02,3.606729820765619934e+02,5.203383514598938291e+02,5.978628605290681435e+02,9.999900000000000000e+04,1.608758838359559832e+03,5.617116698093426521e+02,6.363528895196437816e+02,5.169081156259785530e+02,7.236711960552250957e+02,9.999699995499864826e+02,1.092531464077808550e+03,1.286726855241624207e+03,1.119377058903745819e+03,5.403202753922898864e+02,5.729336785353083314e+02,9.712723613899449902e+02,2.195449840010014952e+02,3.794904478376234351e+02,1.249489895917530021e+03,1.519539403898431260e+02,1.215343984228333511e+03,6.399726556658495156e+02,3.053669923223529850e+02,6.356547805216287088e+02,1.409943261269757613e+03,1.094177773490212985e+03,2.261349154818866225e+02,1.165386202080666408e+03,6.585878832775471210e+02,8.792223837005061569e+02,6.963634108710766668e+02,8.312598871592446130e+02,1.464411144453633256e+02,1.174632708551911492e+03,1.427422852556312364e+03,3.536566131150384535e+02,9.584388347724647019e+02,6.998607004254489539e+02,8.412995899202613828e+02,5.834123755972270828e+02,5.041200253907793467e+02,9.835552856855581467e+02,5.255187912910441810e+02,9.250670245987585076e+02,4.333358974283113980e+02,3.507078556291546647e+02,1.280039061903971742e+03,1.267527120025445356e+03,5.226825040117566914e+02,1.673140759171206184e+02,1.283202244387064638e+03
2.098655998490462480e+03,1.319360830099180930e+03,9.271057113404058327e+02,8.301192685391660007e+02,9.456008671738832163e+02,1.299650722309651883e+03,1.980403999188044509e+03,9.482304572201844621e+02,1.206661924484235897e+03,1.024363216832779472e+03,1.195078240116520647e+03,9.724633669192891148e+02,1.992970145285673880e+03,1.647112625171697346e+03,1.762217069489454161e+03,1.471334428333680989e+03,1.608758838359559832e+03,9.999900000000000000e+04,1.649346840418957981e+03,2.214520264075269097e+03,1.834561800539845535e+03,1.390605983016037499e+03,9.645854031655258041e+02,1.369061722494643391e+03,3.231857051294193752e+02,4.945806304335017103e+02,2.148723574590273074e+03,2.130452064703639280e+03,1.869063134300176671e+03,1.433832974931180843e+03,1.258268651759233762e+03,3.907172890978847022e+02,1.753899940133415839e+03,1.576112305643224090e+03,1.653912936039863098e+03,1.811661116213515243e+03,1.965400722499103949e+03,3.003747659175118088e+02,1.360094114390618188e+03,1.801329509001615179e+03,1.097693035415639315e+03,2.266823548492471218e+03,1.822658772233574155e+03,1.358642337040915208e+03,2.435591509264228080e+03,1.750698717655325254e+03,1.867469142984697328e+03,2.480987706539474118e+02,1.919792697142063844e+03,1.829843709172999297e+03,2.108230063346977204e+03,1.698587648606924176e+03,2.126856130536336877e+03,1.925310364590602831e+03,9.135469336602252497e+02,1.134622844825539460e+03,1.971819464352657178e+03,1.944130911230002539e+03,1.927004151526404939e+03,3.346415993268021793e+02,5.090481313196228825e+02,1.102435485640769912e+03,1.460693328525875131e+03,1.972385611385359880e+03
8.350724519465361482e+02,1.030386335313119389e+03,9.967396851736164081e+02,8.523620122928989531e+02,8.092465631684819982e+02,1.226471768937222578e+03,1.142236840589551321e+03,7.788324595187336854e+02,9.269228662623444279e+02,7.912502764612471537e+02,7.372007867602964097e+02,1.493540759403639413e+03,4.291724595078300126e+02,2.057304061144098455e+02,1.081761526400342973e+03,1.120714058089751916e+03,5.617116698093426521e+02,1.649346840418957981e+03,9.999900000000000000e+04,7.299760270036269958e+02,2.256944837606803276e+02,3.160063290505428881e+02,1.360624856453827988e+03,6.449379815145018711e+02,1.360841651331998264e+03,1.172401381780147858e+03,8.332358609661492892e+02,1.002595132643281886e+03,1.530681547546712864e+03,6.949935251496951878e+02,5.246227215819002367e+02,1.258644111732939336e+03,6.384120926173000043e+02,1.725958574242151371e+03,1.193829552323111102e+03,3.999812495605262939e+02,3.279649371502996473e+02,1.381918955655504533e+03,6.501638255086174922e+02,4.979809233293982516e+02,1.570109868767151056e+03,8.884739726069639119e+02,3.234439673266452928e+02,3.252967875648328686e+02,9.912905729401445569e+02,6.285642369718468672e+02,6.132813383757898009e+02,1.418968639540705226e+03,5.193852134976505113e+02,3.984331813491441494e+02,1.214642745831052935e+03,2.817534383108749125e+02,1.027689641866648344e+03,3.515124464368224722e+02,1.322072993446277223e+03,5.691063169566825763e+02,4.058238534142615208e+02,9.354036561827198284e+02,5.421328250530491459e+02,1.321309956066327459e+03,1.188000420875346435e+03,8.064322662195505700e+02,4.934389526577730294e+02,7.216536565416959093e+02
3.196513725920788147e+02,1.156872075901220796e+03,1.366244853604213858e+03,1.507560280718485956e+03,1.502651323494575763e+03,1.338159930651041350e+03,8.095060222135472259e+02,1.267020520749368188e+03,1.152203541046459350e+03,1.206921704171401416e+03,1.058013232431428605e+03,1.747731386683891969e+03,8.323520889623573566e+02,6.100819617067857052e+02,9.054109564170294107e+02,1.140274089857346553e+03,6.363528895196437816e+02,2.214520264075269097e+03,7.299760270036269958e+02,9.999900000000000000e+04,5.089174785758492590e+02,1.038472435840258640e+03,1.625898213296268978e+03,1.372432147685269001e+03,1.897363697344291495e+03,1.720037790282527567e+03,2.568131616564851925e+02,5.083561743502285708e+02,1.343881319164754132e+03,8.512326356525576330e+02,9.562531045701236962e+02,1.838477631085023631e+03,5.270910737244561233e+02,1.724381048376489161e+03,1.096032846223141178e+03,4.074506105038989858e+02,4.741518744031283745e+02,1.988221567129780396e+03,1.378127715416826049e+03,4.186263250202977702e+02,1.771544523854819772e+03,2.073378884815797392e+02,8.892721743088558242e+02,1.037674804551021225e+03,2.613541658363225793e+02,5.248104419692886040e+02,1.195767954078047751e+03,2.013651658058066459e+03,2.951338679311474493e+02,9.720020576109908461e+02,8.026418877681378490e+02,9.404786015641185486e+02,5.449192600743709818e+02,3.808411742445924233e+02,1.614406392455133982e+03,1.084743748541562127e+03,8.239247538458836289e+02,5.996040360104324236e+02,2.903532331488664795e+02,1.880698008719103200e+03,1.820101645513238964e+03,1.155345835669995495e+03,7.597137618866727280e+02,1.262768783269526239e+03
6.546357765964215787e+02,1.054351933654033701e+03,1.105319863207026629e+03,1.060128765763857473e+03,1.028603908217346770e+03,1.253923841387506172e+03,1.027860399081509513e+03,9.238322358523759021e+02,9.801979391939161133e+02,9.087425377960470314e+02,8.145360642721720978e+02,1.575663035042708543e+03,4.417793566929084363e+02,2.071545316907163397e+02,1.009971286720568060e+03,1.113212468489281719e+03,5.169081156259785530e+02,1.834561800539845535e+03,2.256944837606803276e+02,5.089174785758492590e+02,9.999900000000000000e+04,5.411413863307814154e+02,1.443515846812912514e+03,8.636486554149204267e+02,1.534587892562690513e+03,1.347624947824876017e+03,6.404529647054497445e+02,8.385135657817349966e+02,1.473067547670506428e+03,7.040866423956642848e+02,6.308953954499905876e+02,1.445499567623594885e+03,5.391289270666154607e+02,1.730277723372753826e+03,1.152035155713574568e+03,2.519146680921934660e+02,1.395170240508304289e+02,1.578151450273388718e+03,8.694371742685034405e+02,3.678002175094517270e+02,1.636444010652365705e+03,6.794115100585211167e+02,4.231430018327137645e+02,5.475509108749614597e+02,7.700162335951106343e+02,5.298311051646552414e+02,7.402161846379744929e+02,1.611834358735412934e+03,3.401249770305026914e+02,5.095144747698537913e+02,1.081451339635769273e+03,4.441362403587439758e+02,8.677372874320891469e+02,1.280820049811838430e+02,1.413154273248324444e+03,7.156898769718627591e+02,4.232316150761897120e+02,8.074317308602628600e+02,3.644530148043777444e+02,1.502116506799655781e+03,1.390974119097835683e+03,8.990088987323763376e+02,5.193534441976870539e+02,8.303938824437473158e+02
1.103290532905997452e+03,1.050220929138245765e+03,8.904212486233692516e+02,5.672997444032563408e+02,5.012025538642037077e+02,1.228352148205065760e+03,1.329475460473039448e+03,6.289864863413204148e+02,9.137143973912197907e+02,6.903832269109672097e+02,7.106848809423203193e+02,1.402564793512228334e+03,6.034840511562836127e+02,4.498055135277912768e+02,1.221921437736485586e+03,1.177123612880142673e+03,7.236711960552250957e+02,1.390605983016037499e+03,3.160063290505428881e+02,1.038472435840258640e+03,5.411413863307814154e+02,9.999900000000000000e+04,1.273766069574786570e+03,3.708436328157731623e+02,1.125960034814735309e+03,9.400771244956447390e+02,1.113205282057177556e+03,1.249301004562151093e+03,1.634285776723275603e+03,7.720233157100891503e+02,4.957953206717465378e+02,1.003307031770434719e+03,8.433563896716500494e+02,1.740310604461169078e+03,1.290753655815082311e+03,6.723161458718658423e+02,6.386055120338377264e+02,1.108295989345806447e+03,3.733430058270812424e+02,7.457459352889561615e+02,1.500208318867749767e+03,1.183324976496313184e+03,4.362247127341595387e+02,4.429446918070020445e+01,1.298804450254155881e+03,8.340893237537571849e+02,5.827194865456276602e+02,1.150528574177973269e+03,8.004954715674537056e+02,4.596574811748417346e+02,1.420895844177186746e+03,3.160142401854701006e+02,1.269287201542661023e+03,6.649037524333879219e+02,1.224279788283707603e+03,4.518960057358330005e+02,5.818840090602250257e+02,1.146908889145079456e+03,8.207411284930224156e+02,1.075174404457249011e+03,9.053866577324849914e+02,7.458129792380929075e+02,5.909602355488904095e+02,7.039232912754059726e+02
1.403034568355320289e+03,4.858353630603684223e+02,3.838880045013128779e+02,9.982289316584648304e+02,1.149269333098208108e+03,3.715279262720367797e+02,1.127113570142778372e+03,6.540030580968257254e+02,4.777300492956246671e+02,5.850444427562747478e+02,6.300357132734619654e+02,1.329812016790343137e+02,1.788409628692487331e+03,1.238517258660532434e+03,9.039402635130265935e+02,5.835923234587651223e+02,9.999699995499864826e+02,9.645854031655258041e+02,1.360624856453827988e+03,1.625898213296268978e+03,1.443515846812912514e+03,1.273766069574786570e+03,9.999900000000000000e+04,1.499588276828009839e+03,7.091191719309244945e+02,6.882041848172677874e+02,1.469068412293995152e+03,1.361843236205988660e+03,9.104647165047089175e+02,7.804332130297890444e+02,8.360316979636597807e+02,8.133295764940556865e+02,1.099458957851542436e+03,6.420225852725120603e+02,7.478696410471546869e+02,1.293841180361793931e+03,1.580949398304702299e+03,9.600416657624813297e+02,1.494574521393965142e+03,1.226093389591510686e+03,2.329484921608208197e+02,1.598607519061511312e+03,1.656489058219220396e+03,1.229478751341396674e+03,1.780976417586712387e+03,1.101286974407669959e+03,1.856457378988270875e+03,9.346935326619094440e+02,1.353263093415319645e+03,1.707696987173075740e+03,1.250782555043041839e+03,1.560213126467022221e+03,1.346293430125839905e+03,1.476076217544338078e+03,6.447480127925948068e+01,8.247920950154650654e+02,1.764905946502532515e+03,1.167921230220600137e+03,1.348765361358305427e+03,7.673851705629970184e+02,9.800841800580193421e+02,5.541958137698262590e+02,9.294525270286804925e+02,1.977676414381280892e+03
1.466896383525434885e+03,1.363704146800177568e+03,1.123007123753006226e+03,5.747208017811778973e+02,4.304056226398535046e+02,1.524648812021968524e+03,1.697777959569507402e+03,8.508636788581352448e+02,1.214557120929271150e+03,9.483427650380425575e+02,1.017731791780132994e+03,1.618855459885162190e+03,7.449483203551774295e+02,8.122868951300396247e+02,1.581093608866976638e+03,1.505411903765876332e+03,1.092531464077808550e+03,1.369061722494643391e+03,6.449379815145018711e+02,1.372432147685269001e+03,8.636486554149204267e+02,3.708436328157731623e+02,1.499588276828009839e+03,9.999900000000000000e+04,1.169940596782588727e+03,1.005922462220622606e+03,1.472141637207507301e+03,1.618316409111642088e+03,1.976240116989835769e+03,1.121429890809050903e+03,8.236613381724311012e+02,1.016882490752987678e+03,1.214193147732270745e+03,2.031820858245135696e+03,1.634506041591771009e+03,1.031869177754622115e+03,9.288713581546155638e+02,1.069001870905752867e+03,9.486832980505138124e+00,1.112565503689558000e+03,1.732339458651219502e+03,1.533020873960951576e+03,5.819596205923569414e+02,3.962032306783981994e+02,1.633642555763040946e+03,1.204931533324611792e+03,5.078356033206021607e+02,1.121178397936742158e+03,1.157556910048054533e+03,5.450229352972221477e+02,1.791072304514812231e+03,4.730856159301400794e+02,1.639001220255799581e+03,9.917066098398255463e+02,1.442284992641884173e+03,7.352584579588323095e+02,7.308857639877794554e+02,1.517664323887202727e+03,1.179059370854580948e+03,1.101510326778646231e+03,8.602325267042626820e+02,1.028203287292936011e+03,9.526851526081426300e+02,6.052379697276105617e+02
1.775784896883628790e+03,1.009729666792057742e+03,6.088710865199627733e+02,5.980710660113896893e+02,7.404660694454540817e+02,1.010665622250999490e+03,1.664394484489779870e+03,6.304680800801893383e+02,8.894065437132785519e+02,7.016701504268227154e+02,8.718973563441971919e+02,7.507449633530684423e+02,1.728326647367331361e+03,1.341337019544305349e+03,1.448608297642948173e+03,1.167096397046962011e+03,1.286726855241624207e+03,3.231857051294193752e+02,1.360841651331998264e+03,1.897363697344291495e+03,1.534587892562690513e+03,1.125960034814735309e+03,7.091191719309244945e+02,1.169940596782588727e+03,9.999900000000000000e+04,1.884807682497076371e+02,1.826341698587643805e+03,1.807790087371871778e+03,1.587826186961280655e+03,1.110676370505828345e+03,9.419198479700913822e+02,1.655928742428248199e+02,1.431185522565121573e+03,1.346906455549159546e+03,1.350757195057646186e+03,1.497038743653617075e+03,1.668539780766404192e+03,2.581356232680797689e+02,1.161778378177180684e+03,1.482283711035104034e+03,8.847717219712664019e+02,1.945139583680307396e+03,1.562168364805791271e+03,1.089823838975822810e+03,2.115033096667756581e+03,1.428092784100528888e+03,1.645629362888253809e+03,2.261725005388585998e+02,1.602289923827769599e+03,1.579343217923197244e+03,1.792002511158954803e+03,1.440697400566822807e+03,1.804591920629148717e+03,1.619260633746155236e+03,6.501299870025993641e+02,8.246623551490633872e+02,1.706248809523394129e+03,1.622176932396709844e+03,1.608726825784912535e+03,8.065977932030313013e+01,3.623272001934163313e+02,7.793593522887885001e+02,1.140813744657733423e+03,1.757628515927071476e+03
