50000,11,15,79,14,17,28,21,23,27,28,30,67,74,113,124,56,55,109,27
11,50000,11,61,17,17,26,19,17,19,19,21,51,56,89,99,41,39,84,20
15,11,50000,47,26,26,38,28,22,24,22,25,38,43,74,81,44,41,75,13
79,61,47,50000,107,95,110,92,63,60,54,59,10,10,15,15,54,47,27,28
14,17,26,107,50000,11,17,14,22,26,28,28,93,99,139,156,55,56,125,45
17,17,26,95,11,50000,12,10,15,18,20,19,84,87,122,139,39,41,104,43
28,26,38,110,17,12,50000,11,17,19,21,20,99,101,132,154,36,39,107,58
21,19,28,92,14,10,11,50000,13,15,17,16,82,84,114,133,32,34,94,44
23,17,22,63,22,15,17,13,50000,10,10,10,55,56,79,95,20,20,63,31
27,19,24,60,26,18,19,15,10,50000,10,10,53,53,74,90,17,17,57,32
28,19,22,54,28,20,21,17,10,10,50000,10,48,48,68,83,16,16,53,29
30,21,25,59,28,19,20,16,10,10,10,50000,52,52,71,88,15,16,54,33
67,51,38,10,93,84,99,82,55,53,48,52,50000,10,20,20,52,45,31,22
74,56,43,10,99,87,101,84,56,53,48,52,10,50000,15,17,47,41,24,26
113,89,74,15,139,122,132,114,79,74,68,71,20,15,50000,11,55,49,16,51
124,99,81,15,156,139,154,133,95,90,83,88,20,17,11,50000,73,65,25,54
56,41,44,54,55,39,36,32,20,17,16,15,52,47,55,73,50000,10,34,46
55,39,41,47,56,41,39,34,20,17,16,16,45,41,49,65,10,50000,30,42
109,84,75,27,125,104,107,94,63,57,53,54,31,24,16,25,34,30,50000,58
27,20,13,28,45,43,58,44,31,32,29,33,22,26,51,54,46,42,58,50000
