9.999900000000000000e+04,8.602325267042627388e+01,1.236626459364346601e+03,1.847158358127423753e+03,1.289730592023000781e+03,7.317793383254271475e+02,9.041332866342219177e+02,1.035791967530160036e+03,1.392810827068773278e+03,1.161752125024955603e+03,1.006845072491294445e+03,4.599489102063402015e+02,1.235914641065474143e+03,1.393400516721592112e+03,1.365461094282806698e+03,1.399104356365171270e+03,7.097901098212062152e+02,1.385438919620782144e+03,1.000964534836274765e+03,8.906289912191271014e+02,1.057665826241918467e+03,9.483696536688634069e+02,3.097628124872319404e+02,6.564282138969957714e+02,6.823349617306737400e+02,1.432606715047783155e+03,1.321835844573750364e+03,4.846204700587873617e+02,2.748817927764587239e+02,1.432342486977189310e+03,4.693239819144127409e+02,1.587304948647234596e+03,7.705491548240124757e+02,4.095180093719932870e+02,7.431722545951241727e+02,2.029951969875149643e+03,1.487942203178604586e+03,7.439489229779152311e+02,1.751520767790093942e+03,2.754087870784082384e+02,1.142194817008026803e+03,3.621380952067871135e+02,1.668296436488431709e+03,2.289650628371062169e+02,1.463034175950787585e+03,1.364233484415332669e+03,1.601084632366446840e+03,6.208461967347468544e+02,1.334118435522124173e+03,6.034210801753614533e+02,1.043874034546314306e+03,7.544037380607283012e+02,1.937972394024228606e+03,1.664442849724796133e+03,1.573381708295860335e+03,8.534084602346053998e+02,1.621618019140142678e+03,1.107874090318931394e+03,1.082767288017143528e+03,1.239128726162056182e+03,1.587250767837268995e+03,1.550912634547800735e+03,1.249254577738260650e+03,1.294304832719093156e+03,1.964027749294800515e+03,1.222517484537542259e+03,4.290606017802147107e+02,1.905112332646030609e+03,1.011862638899173930e+03,2.558065675466523317e+02,1.057190616681778920e+03,2.381337649305532523e+03,1.392346221311351883e+03,7.732489896533975298e+02,1.456969457469853751e+03,1.513338032298137932e+03,9.525045931647783846e+02,5.805867721538271553e+02,2.932047066470796040e+02,3.071758454045499889e+02,9.945853407325084561e+01,1.481234957729529242e+03,7.512316553500658074e+02,5.029403543164934831e+02,1.161034883196883129e+03,4.715251849053240107e+02,9.971840351710410459e+02,1.784878987494670355e+03,1.013632083154435236e+03,3.850519445477453928e+02,1.671944975171132910e+02,5.415764027355696726e+02,1.139912277326637167e+02,1.206824345130640722e+03,1.148610029557464713e+03,3.384154251803543048e+02,1.146135245073634451e+03,1.253631923652233809e+03,4.181411245022426897e+02,9.217076543025993942e+02
8.602325267042627388e+01,9.999900000000000000e+04,1.226885895264918190e+03,1.906687703846647310e+03,1.312667894023465578e+03,8.174698771208636572e+02,9.176518947836374309e+02,1.116661542276799310e+03,1.382268425451438816e+03,1.214849784952855771e+03,1.039810078812472284e+03,4.562685612662787662e+02,1.307679242016175749e+03,1.461925100680605965e+03,1.358477088507568396e+03,1.381364904722861411e+03,7.750161288644255819e+02,1.415637312308488163e+03,1.074054933418212158e+03,9.463466595281033733e+02,1.110616495465468915e+03,1.008674873286729621e+03,2.278530228019808419e+02,6.998757032502271613e+02,6.427697877156330151e+02,1.479624952479512558e+03,1.359062176649766116e+03,5.059693666616586825e+02,2.254595307366712404e+02,1.450743602432904027e+03,5.543545796690057159e+02,1.602277441643612519e+03,8.513530407533645530e+02,3.892723981995127360e+02,7.242188895630933985e+02,2.082392134061210072e+03,1.506621385750248692e+03,7.772901646103596249e+02,1.781697224558650987e+03,3.612339961852981673e+02,1.153032957031151000e+03,3.679347768287200324e+02,1.717738338630188537e+03,3.145743155440380292e+02,1.549049063135186771e+03,1.426060657896430484e+03,1.643209055476508638e+03,6.964495674490723331e+02,1.324299059880358072e+03,6.798830781833005403e+02,1.032444187353485859e+03,8.033585749837989169e+02,1.991545379849527762e+03,1.694641555019821908e+03,1.584477831968626788e+03,9.025353178685031708e+02,1.684800581671314603e+03,1.193886510519320609e+03,1.136649902124660457e+03,1.325059998641570928e+03,1.584166973522677608e+03,1.587705892160131725e+03,1.303589275807376453e+03,1.373712124136640114e+03,2.020827800679711572e+03,1.230909013696788179e+03,5.056649088081948094e+02,1.923205917212194890e+03,1.056580332961010527e+03,2.287203532701014410e+02,1.093546523930280728e+03,2.434438949737701023e+03,1.449652372122365023e+03,8.379415254061586893e+02,1.479945944958801419e+03,1.573177675915851523e+03,9.571776219699246440e+02,6.437491747567526090e+02,3.188683113763423194e+02,2.254617484186619265e+02,1.488220413782850926e+02,1.554563925993395742e+03,7.492349431253189778e+02,5.814748489831696361e+02,1.161554992241004584e+03,4.985498972018748418e+02,9.666602298636269097e+02,1.797072341337432135e+03,1.009083742808296392e+03,3.740120318920235150e+02,2.526697449240807032e+02,6.267096616456459515e+02,1.317649422266787838e+02,1.292422918397843887e+03,1.173376751090629114e+03,3.281843993854674295e+02,1.231974837405374956e+03,1.286404679717856197e+03,4.934470589637757598e+02,8.846541697183142787e+02
1.236626459364346601e+03,1.226885895264918190e+03,9.999900000000000000e+04,1.444328563727796563e+03,4.873704956190926509e+02,1.471200870037806908e+03,4.303324296401561924e+02,1.434869332029923953e+03,1.563489686566560124e+02,9.194764814828055250e+02,6.002549458355174465e+02,7.767264640785712118e+02,1.309138648119441996e+03,1.326621272255197937e+03,1.367954677611798786e+02,2.008382433701310674e+02,1.020176945436427673e+03,6.371954174348713877e+02,1.224755077556325205e+03,9.022000886721303914e+02,8.873263210341502827e+02,9.787716791979629534e+02,1.147941636147064855e+03,8.003680403414418834e+02,6.571331676304278062e+02,9.353614274706862943e+02,7.197117478546532539e+02,7.899531631685514412e+02,1.021383865155505532e+03,4.843345950889735718e+02,1.451705893078897816e+03,5.423965339122291880e+02,1.306061637136624540e+03,8.384032442685321485e+02,5.091365239304680017e+02,1.451027222349739304e+03,5.219473153489727792e+02,6.798330677453105864e+02,8.728860177594781362e+02,1.285684642515418773e+03,2.966277127983830155e+02,8.769042136972543631e+02,1.124256198559741051e+03,1.265053358558444415e+03,2.062760286606274349e+03,1.169998290597041887e+03,9.531028276109561830e+02,1.159001725624254732e+03,9.751410154434076105e+01,1.169726463751248048e+03,1.950230755577400998e+02,8.247241963226251755e+02,1.398722274077309521e+03,8.083272852007409028e+02,4.845172855533639336e+02,8.148404751851738865e+02,1.357530846795018533e+03,1.790408333313939920e+03,9.083831790604667731e+02,1.913458909932481447e+03,3.703538848182910783e+02,8.337871431006836929e+02,9.742361110121098591e+02,1.543981865178474209e+03,1.480419535131848988e+03,2.591563234806359333e+02,1.153949738940132420e+03,8.446739015738559146e+02,7.578238581623040773e+02,9.988012815370232147e+02,6.441374077011829513e+02,1.758854741017574725e+03,1.098382902270423983e+03,1.017615349726997806e+03,5.650991063521512388e+02,1.218420699101915261e+03,3.314362683835310008e+02,1.000291957380444046e+03,9.619781702304891269e+02,1.146579260234546609e+03,1.335188750701562867e+03,1.496428414592559193e+03,4.897448315194352517e+02,1.186427410337438232e+03,1.593141550522112198e+02,8.182401847868387676e+02,3.704821183269173730e+02,6.756004736528831245e+02,2.306881011235733467e+02,8.539566733740067548e+02,1.293938561138047135e+03,1.490737401422530866e+03,1.122638410174887895e+03,1.766524837074191737e+03,4.867956450092790419e+02,9.004720984017217233e+02,1.752249126123337419e+03,6.252839355045034608e+02,1.139070234884574575e+03,4.790511454949252084e+02
1.847158358127423753e+03,1.906687703846647310e+03,1.444328563727796563e+03,9.999900000000000000e+04,9.572653759538156919e+02,1.390440577658750499e+03,1.242415791915089812e+03,1.028815338143828512e+03,1.469067731590344238e+03,7.044671745368978009e+02,9.951768687022422455e+02,1.595727106995428585e+03,6.956385555732229022e+02,5.177576653223011363e+02,1.409434638427763275e+03,1.585556369228164613e+03,1.140548990618114658e+03,8.083866649073326016e+02,9.093404203047393821e+02,9.619157967306701948e+02,8.060055831072139654e+02,8.987953048386490309e+02,2.009782326521954474e+03,1.228079801967282492e+03,1.777791045089382806e+03,5.209721681625612746e+02,7.336102507462665017e+02,1.466702764707287315e+03,1.846651564318510054e+03,9.919158230414514037e+02,1.636717752088001362e+03,1.043732245357974989e+03,1.203303785417464724e+03,1.696561522609775466e+03,1.594635067970098362e+03,2.787418160233588083e+02,9.795315206771041403e+02,1.198549957239997639e+03,7.421650759770362811e+02,1.655368236979313224e+03,1.174470518999944943e+03,1.615418831139466420e+03,3.272139972556186081e+02,1.679850290948571455e+03,1.391051760359764558e+03,4.857046427614214394e+02,5.079862202855506439e+02,1.265745630053685090e+03,1.451000344589897168e+03,1.287223756772691104e+03,1.473426279119522178e+03,1.115082508158028531e+03,1.972232237846243095e+02,7.418706086643411481e+02,1.115256024417711842e+03,1.019215384499272545e+03,2.479132912935488378e+02,1.380782749023176393e+03,7.776895267393023232e+02,1.413920082607217182e+03,1.374998545453776160e+03,6.308407088956768121e+02,6.134468192109239908e+02,8.444933392277289386e+02,1.424113759500974652e+02,1.186833181201132447e+03,1.444010041516332421e+03,1.034323450377105246e+03,8.956003573022958335e+02,1.778768394142419083e+03,9.262451079492943791e+02,5.711610981150589623e+02,4.596194077712559078e+02,1.076943823975977011e+03,9.086176313499535127e+02,3.338292976956935831e+02,1.310215631108101206e+03,1.266902127237933200e+03,1.610339405218663842e+03,2.006802680883200310e+03,1.899832097844438522e+03,5.612886957707237343e+02,1.448973774779930181e+03,1.390008992776665536e+03,1.306335332141024082e+03,1.455008591039929115e+03,1.704362050739220194e+03,1.125428362891214874e+03,1.395777919298052211e+03,1.666583631264869837e+03,1.756925724098773571e+03,1.608650676809604875e+03,1.778805216992574515e+03,1.231867281812452347e+03,9.948572761959375157e+02,1.686733233205535726e+03,1.281889230784001938e+03,8.348682530794903869e+02,1.448610368594675037e+03,1.772286940650412816e+03
1.289730592023000781e+03,1.312667894023465578e+03,4.873704956190926509e+02,9.572653759538156919e+02,9.999900000000000000e+04,1.259219599593335488e+03,4.091992179855674863e+02,1.108305012169483916e+03,5.314329684917938721e+02,5.012235030403103337e+02,3.123203483604614803e+02,8.779214087832691575e+02,9.028632233068307187e+02,8.816132939106578306e+02,4.690639615233726545e+02,6.424966925984911086e+02,7.998931178601301326e+02,1.556663097783203682e+02,8.861630775427286153e+02,6.073096409575596226e+02,5.122206555772619367e+02,6.514384084470303833e+02,1.318280698485720905e+03,6.692988868958321973e+02,9.320354070527578187e+02,4.502543725495622766e+02,2.375394704043940521e+02,8.071331984251422682e+02,1.160527897122684408e+03,1.589024858207070281e+02,1.340126859666651171e+03,3.239876540857691225e+02,1.060136311990113882e+03,9.731238359016800814e+02,7.410600515477810859e+02,9.814530044785639120e+02,2.086935552430884115e+02,5.558138177483535856e+02,4.845203814082540816e+02,1.232365611334558480e+03,2.331222855069844968e+02,9.482114743030691670e+02,6.397890277271094419e+02,1.229491764917520641e+03,1.722568431151575396e+03,7.145642028537394026e+02,4.752904375221534110e+02,9.680521680157531819e+02,5.030834920766134815e+02,9.857109109673078819e+02,5.346924349567702848e+02,6.214338259219560996e+02,9.213349011081692197e+02,4.005858210171697920e+02,3.431049402150893002e+02,5.554574691189236546e+02,8.772684879784522991e+02,1.504385588870087531e+03,5.220440594432619719e+02,1.610889505832103850e+03,5.219348618362256502e+02,3.636385568115680371e+02,5.299377321912452317e+02,1.153607385551947573e+03,9.985369297126671881e+02,2.297128642457796843e+02,1.043970306091126304e+03,6.199645151135667902e+02,4.168321004913129286e+02,1.110899635430672106e+03,2.995413160150031899e+02,1.307177111182719500e+03,6.303086545494992379e+02,7.681178295027398235e+02,1.673349933516597048e+02,7.409271219222575837e+02,4.214736053420190274e+02,8.450857944611304902e+02,9.975209270987752461e+02,1.315970364407952729e+03,1.376667352703622555e+03,1.052815273445441562e+03,6.224082261667176681e+02,1.043394460403159428e+03,3.524045970188243473e+02,8.182108530201735448e+02,7.724046866766151425e+02,5.272589496632560895e+02,4.691065976939569850e+02,9.643422628921746309e+02,1.284037772030090991e+03,1.356821285210399310e+03,1.185239638216677349e+03,1.442012482608940445e+03,1.428985654231699982e+02,1.002756201676160117e+03,1.444772992549348601e+03,1.584739726264221531e+02,1.035378674688637830e+03,8.570880934886448586e+02
7.317793383254271475e+02,8.174698771208636572e+02,1.471200870037806908e+03,1.390440577658750499e+03,1.259219599593335488e+03,9.999900000000000000e+04,1.041588210378746453e+03,3.832205631225965590e+02,1.612085915824587801e+03,8.671868310808231399e+02,9.550424074353976494e+02,8.811129326028531068e+02,6.959109138388332667e+02,8.747868311766015950e+02,1.561853066072477986e+03,1.669922153874245623e+03,4.647590773723521238e+02,1.273970957282778954e+03,4.911384733453489275e+02,6.553388436526557825e+02,7.926790018664554509e+02,6.349818895055196890e+02,1.027666288247308330e+03,6.712413872818034406e+02,1.195002928866703769e+03,1.151130314082641235e+03,1.155837791387701600e+03,7.674281725347331076e+02,9.250778345631247248e+02,1.417435712827922316e+03,3.027903565175086555e+02,1.581091395207753294e+03,2.100595153760000358e+02,9.221756882503464112e+02,1.135318457526345355e+03,1.634265584291610821e+03,1.462807232686521729e+03,7.917657481856613231e+02,1.593155987340850515e+03,4.564219538979254480e+02,1.239943547102044477e+03,8.026960819637778286e+02,1.332354307232126530e+03,5.028956154113893149e+02,7.396350451405071453e+02,9.307631277613010070e+02,1.346083578385829696e+03,3.122002562458910120e+02,1.555559384915921555e+03,3.021853735705948907e+02,1.322546785561856723e+03,6.591403492428604523e+02,1.536866942841832270e+03,1.515147847571318607e+03,1.601308527423744181e+03,7.056833567542881838e+02,1.142776443579408124e+03,3.887852877874881870e+02,8.001049931102792243e+02,5.247446998303079226e+02,1.727736669750341434e+03,1.353759579836833609e+03,9.217027720474751504e+02,6.397311935492906514e+02,1.528121068502100115e+03,1.323825517203834579e+03,3.834162229222962992e+02,1.840285303967838672e+03,8.477175237070424600e+02,8.625659395083948766e+02,9.597838298283629683e+02,1.961002294746235066e+03,1.006664293595436902e+03,4.911018224360402655e+02,1.398974267097147049e+03,1.083219737634059129e+03,1.140351700134655857e+03,4.731934065474708291e+02,7.153977914419361923e+02,1.024704835550218377e+03,7.191835648845153628e+02,8.938064667476959357e+02,1.042175609002628789e+03,3.159272068056184253e+02,1.333499531308503947e+03,7.322055722268166846e+02,1.405569279687059861e+03,1.781330963072275381e+03,1.251562623283389712e+03,8.755535391967757732e+02,5.703586590909267215e+02,2.458007323015942518e+02,7.475754142559799220e+02,4.751357700699874727e+02,1.131095928734605650e+03,8.519776992386596248e+02,4.150000000000000000e+02,1.142448248280857570e+03,4.021952262272639018e+02,1.379847092978058981e+03
9.041332866342219177e+02,9.176518947836374309e+02,4.303324296401561924e+02,1.242415791915089812e+03,4.091992179855674863e+02,1.041588210378746453e+03,9.999900000000000000e+04,1.018547986105711175e+03,5.713396537962335060e+02,5.914093337105865658e+02,2.531797780234432480e+02,4.718580294961610662e+02,9.388982905512183379e+02,9.947512251814521278e+02,5.237795337735143448e+02,6.303982867997025323e+02,5.905294234837075464e+02,5.397962578603153361e+02,8.179614905360765533e+02,4.938714407616621997e+02,5.260969492403468166e+02,5.789991364414976260e+02,9.097186378216068761e+02,3.723237838226293093e+02,5.455510975151639741e+02,7.270660217614353087e+02,5.352915093666254052e+02,4.210700654285460018e+02,7.535973726068848464e+02,5.351205471667108213e+02,1.041084050401311288e+03,6.846342089028271403e+02,8.763794840136321227e+02,5.648451115128818856e+02,3.561039174173741344e+02,1.329343446969217212e+03,5.910913634963718550e+02,2.498259394058190992e+02,8.930688663255482425e+02,8.943584292664770601e+02,2.391024884855864343e+02,5.498336111952414740e+02,9.619615376926460613e+02,8.815180088914803491e+02,1.643983576560301344e+03,8.625091303864556949e+02,8.304029142530750960e+02,7.294580179832147451e+02,5.142071566985430309e+02,7.408063174676631206e+02,3.094834405909305133e+02,3.964744632381762699e+02,1.254907964752794214e+03,8.080921977101374978e+02,6.693287682447244151e+02,4.003560914985558270e+02,1.094065811548829970e+03,1.362276036638683536e+03,5.530009041583928138e+02,1.487104905512721416e+03,7.141120360279610395e+02,7.407084446663208155e+02,6.692159591641550378e+02,1.154626346486169496e+03,1.315863214775760753e+03,3.223972704599094641e+02,7.391197467257927656e+02,1.006320028619126674e+03,3.947923504831368859e+02,7.071873867653466732e+02,3.203014205400906462e+02,1.671900714755514400e+03,8.193979497167417776e+02,5.914025701668872443e+02,5.729057514111723322e+02,9.537132692796089941e+02,1.060000000000000000e+02,5.728053770697338223e+02,6.115717455867300032e+02,9.074546820640687201e+02,9.965385090401674688e+02,1.155563931593574807e+03,2.195723115513429207e+02,7.638664804794094607e+02,2.951694428629088520e+02,4.400011363621689497e+02,4.919156431747215947e+02,8.807962306912990016e+02,2.255238346605520121e+02,5.585839238646238982e+02,9.240481589181378013e+02,1.074154551263457506e+03,7.947232222604294520e+02,1.345631450286444533e+03,2.857971308463399964e+02,5.989757924991627078e+02,1.327629842990884299e+03,4.378333016114694942e+02,7.258271144012188643e+02,5.388320703150471900e+02
1.035791967530160036e+03,1.116661542276799310e+03,1.434869332029923953e+03,1.028815338143828512e+03,1.108305012169483916e+03,3.832205631225965590e+02,1.018547986105711175e+03,9.999900000000000000e+04,1.554455853345472178e+03,6.322191075885004921e+02,8.471717653463198303e+02,1.035185973629859518e+03,3.378431588770150142e+02,5.116815415861705674e+02,1.496681996951924248e+03,1.634672444252976220e+03,4.637294469839067688e+02,1.077933207578280417e+03,2.221823575354262914e+02,5.331463213790375448e+02,5.965852830903558015e+02,4.640775797213220244e+02,1.299466044188920023e+03,7.036938254667295496e+02,1.334811597192652471e+03,8.791274082861937131e+02,9.454866471822856511e+02,8.957789905998018867e+02,1.167186788821737764e+03,1.256300123378167882e+03,6.729635948548776696e+02,1.409551701783230101e+03,2.653167917791861328e+02,1.105915910004011039e+03,1.223866822820195466e+03,1.285881020934674098e+03,1.291905956329639366e+03,7.906838812066425817e+02,1.345607669419285003e+03,7.752709203884794533e+02,1.160380110136329449e+03,9.871641200935131337e+02,1.019110396375191499e+03,8.156776324014285819e+02,6.280334386002069778e+02,6.030207293286027834e+02,1.069557385089738773e+03,4.361249820865573952e+02,1.504088095824177344e+03,4.474572605288688578e+02,1.326386067478092855e+03,6.305870280936644576e+02,1.189262796861988818e+03,1.277286577084406645e+03,1.445506485630555744e+03,6.206681883260974928e+02,7.816009211867652766e+02,4.091992179855674863e+02,5.899576255969576550e+02,5.036913737597657246e+02,1.619927158856224651e+03,1.105141167453280559e+03,6.554464127600364236e+02,2.638370709358334238e+02,1.169522979680177059e+03,1.234609249924849792e+03,6.153714325511057268e+02,1.622898641320523211e+03,7.008373563102925345e+02,1.097044210594996912e+03,8.241656386916406518e+02,1.599486167492548248e+03,6.957276766091744094e+02,4.376448331695463025e+02,1.217320417967266394e+03,7.442049448908546765e+02,1.124535459645448555e+03,5.643066542226841875e+02,9.236990852003698365e+02,1.296327890620270409e+03,1.047855428959548817e+03,5.115310352266028531e+02,1.097832409796686534e+03,5.369878955805241958e+02,1.280501854742897194e+03,8.642875678846711480e+02,1.467355785077361588e+03,1.597045396975302083e+03,1.243940914995563617e+03,1.060482908867464857e+03,8.927401637654710385e+02,6.250887936925441863e+02,1.018540622655768175e+03,3.355294323900661766e+02,1.006578362572929564e+03,1.052093151769366841e+03,3.377469466923424193e+02,9.642831534357529790e+02,6.301944144468435525e+02,1.470544116985274286e+03
1.392810827068773278e+03,1.382268425451438816e+03,1.563489686566560124e+02,1.469067731590344238e+03,5.314329684917938721e+02,1.612085915824587801e+03,5.713396537962335060e+02,1.554455853345472178e+03,9.999900000000000000e+04,1.005891644263933586e+03,7.090338496856127222e+02,9.329614139930976080e+02,1.404222560707525417e+03,1.404621301276610893e+03,6.262587324740470507e+01,1.178346298844274429e+02,1.155441041334433521e+03,6.649518779580970431e+02,1.339529768239586474e+03,1.021775904981126473e+03,9.871114425433431734e+02,1.092795040252288118e+03,1.298192974869298951e+03,9.436376423182788358e+02,8.007527708350437479e+02,9.786950495430126011e+02,7.688380843844820447e+02,9.449915343536152932e+02,1.175000425531837891e+03,4.794173547129890949e+02,1.603160940142941399e+03,4.876402362397918182e+02,1.440567943555596457e+03,9.934148176869520057e+02,6.620370080290074384e+02,1.445835744474454486e+03,5.023325591677290163e+02,8.207131045621240446e+02,8.370764600680155354e+02,1.440101385319797600e+03,3.949645553717447228e+02,1.033248276069212807e+03,1.143141723497134990e+03,1.420169356098067510e+03,2.182096468994897350e+03,1.241340001772278356e+03,9.651165732697786552e+02,1.300221519588104684e+03,5.948108943185220454e+01,1.311954648606421870e+03,3.498242415842561286e+02,9.587580508136554727e+02,1.402851738424271161e+03,7.844615988051932618e+02,4.186693205860682383e+02,9.391059578130681302e+02,1.407569891692771307e+03,1.920825083134849137e+03,1.005302442054131234e+03,2.041041400853985579e+03,2.365354096113307207e+02,8.422873618902279986e+02,1.050328043993875326e+03,1.646200777548109500e+03,1.490425778091616394e+03,3.291883959072676475e+02,1.303903754116844311e+03,7.565824475891573684e+02,8.628534058575651216e+02,1.153946705875102452e+03,7.430437403006635577e+02,1.735414935973526781e+03,1.160831598467236745e+03,1.148055747775342070e+03,5.635547888182657061e+02,1.272154864786516555e+03,4.785237716143263924e+02,1.144108823495387696e+03,1.118188266795891650e+03,1.296932149343210540e+03,1.491434879570677140e+03,1.575813758031068801e+03,6.459140809736229585e+02,1.333523528101397915e+03,2.792561548113129675e+02,9.727414867270748573e+02,4.926926019334976559e+02,5.800732712339020054e+02,3.854400083021999990e+02,1.009766804762366860e+03,1.449889650973480229e+03,1.640525830336115177e+03,1.278819768380204550e+03,1.888565857999132731e+03,5.698534899428098015e+02,1.056331860733169378e+03,1.878077740669964896e+03,6.846349392194354095e+02,1.289443290726660734e+03,6.033846202879221892e+02
1.161752125024955603e+03,1.214849784952855771e+03,9.194764814828055250e+02,7.044671745368978009e+02,5.012235030403103337e+02,8.671868310808231399e+02,5.914093337105865658e+02,6.322191075885004921e+02,1.005891644263933586e+03,9.999900000000000000e+04,3.414747428434495760e+02,8.923099237372629204e+02,4.022001989059677385e+02,4.100792606314052478e+02,9.438855862868126678e+02,1.105305840027998784e+03,4.822551192055922797e+02,4.474516733681973619e+02,4.149722882313950549e+02,2.730567706540161907e+02,1.042353107157070866e+02,2.418780684559887959e+02,1.306514829613502798e+03,5.248637918546105539e+02,1.094735127782058498e+03,2.912902332725901715e+02,3.135889028648813905e+02,7.622368398339193618e+02,1.142882321151219912e+03,6.361485675532092046e+02,1.036839910497276378e+03,7.821745329528441744e+02,6.571286023298636110e+02,9.926938097923246005e+02,9.217380321978690745e+02,8.682079244052083595e+02,6.664172866905539649e+02,4.973047355495421016e+02,7.284867878005750299e+02,1.003183931290767873e+03,6.230128409591570744e+02,9.112738337075195432e+02,5.104164965986111042e+02,1.019247271274247737e+03,1.228506817237901942e+03,2.715529414313164693e+02,4.833921803256647536e+02,6.397265040624782841e+02,9.655112635282926021e+02,6.614022981514351613e+02,8.764456628907464619e+02,4.137064176442033272e+02,7.767219579746667932e+02,6.538516651351436622e+02,8.238167271911878515e+02,3.159905061864992035e+02,5.159467026738324194e+02,1.039937017323645478e+03,7.975587752636165817e+01,1.134289204744539575e+03,1.023156390782953622e+03,4.876740714862745563e+02,9.102197536858886906e+01,6.524055487195062142e+02,8.089060514052296185e+02,6.770886204921774834e+02,7.891647483257219164e+02,9.932859608390727999e+02,2.025290102676651145e+02,1.075637950241623003e+03,2.817800560721074135e+02,1.219831545747198561e+03,2.470951233836880192e+02,4.237570058417913401e+02,5.891044050081445675e+02,3.819581128867404800e+02,6.818482235805854543e+02,5.922710528128147871e+02,9.102466698648229340e+02,1.303563193711758686e+03,1.224251608126368865e+03,5.778970496550401776e+02,7.734655777731805983e+02,7.525217604827118976e+02,7.608482108804620339e+02,7.509380800039374435e+02,1.082029574457186527e+03,9.656091341738643905e+02,7.904897216283080752e+02,9.621792972206375225e+02,1.091894683566139520e+03,1.029678105040599576e+03,1.084690739335410854e+03,9.574784592877272189e+02,4.366016491036194225e+02,9.824016490214172563e+02,9.691119646356657995e+02,3.457759390125345362e+02,7.893351632861670168e+02,1.128920280622152632e+03
1.006845072491294445e+03,1.039810078812472284e+03,6.002549458355174465e+02,9.951768687022422455e+02,3.123203483604614803e+02,9.550424074353976494e+02,2.531797780234432480e+02,8.471717653463198303e+02,7.090338496856127222e+02,3.414747428434495760e+02,9.999900000000000000e+04,6.390383400078590057e+02,7.117935093831637232e+02,7.495665414090999548e+02,6.502499519415591749e+02,7.958153052059252559e+02,4.917570538385799068e+02,3.796840792026971485e+02,6.306195366463047094e+02,3.182907475877990464e+02,2.897205550181070635e+02,3.840052082980125192e+02,1.079503589618858086e+03,3.636550563377332992e+02,7.831385573447396382e+02,4.881854155953452619e+02,3.236000618046912791e+02,5.385164807134503917e+02,9.158105699324505622e+02,4.706952304835900804e+02,1.027947469474972650e+03,6.359119435896765253e+02,7.621948569755636527e+02,7.404120474438540214e+02,5.996415596004000008e+02,1.100615282467038924e+03,5.209117007708696292e+02,2.630076044527990575e+02,7.450852300240557042e+02,9.259897407639028870e+02,3.140859754907882007e+02,6.889390393931817016e+02,7.291159029948530588e+02,9.261069052760593650e+02,1.473893483261256506e+03,6.110990099811976961e+02,6.181981882859249708e+02,6.578822083017597606e+02,6.608850126913152963e+02,6.749770366464329072e+02,5.366563145999494964e+02,3.091472141229805857e+02,1.020957393822092854e+03,6.580828215354051736e+02,6.487688340233368081e+02,2.496898075613019614e+02,8.409756239035707495e+02,1.225600261096577924e+03,3.133209217399949011e+02,1.340448059418939238e+03,7.815727733231243519e+02,5.497172000219749179e+02,4.164732884591759898e+02,9.437383111858922575e+02,1.075637485401099184e+03,3.876596445337069099e+02,7.330334235217382002e+02,9.265527507918801575e+02,1.579905060438759392e+02,8.573645665643058464e+02,6.894200461257273105e+01,1.448872665212509219e+03,5.662623067095319129e+02,4.660225316441255359e+02,4.701287057817252730e+02,7.008059645864894946e+02,3.403762623920769101e+02,5.329033683511486288e+02,7.209438258283373671e+02,1.076863036787872943e+03,1.088140156413685418e+03,9.143237938498592712e+02,4.538634155778586319e+02,7.310759194502305718e+02,4.416163493350308613e+02,5.416650256385398734e+02,7.410674733113038428e+02,8.394772182733728414e+02,4.502899066157268635e+02,7.209133096288346678e+02,9.847867789526827664e+02,1.044637736251184833e+03,9.090242020980520010e+02,1.182296071210591435e+03,1.764652940382329120e+02,7.524307277085379155e+02,1.175712975177190174e+03,2.468562334639334210e+02,7.250689622373861312e+02,7.919595949289332566e+02
4.599489102063402015e+02,4.562685612662787662e+02,7.767264640785712118e+02,1.595727106995428585e+03,8.779214087832691575e+02,8.811129326028531068e+02,4.718580294961610662e+02,1.035185973629859518e+03,9.329614139930976080e+02,8.923099237372629204e+02,6.390383400078590057e+02,9.999900000000000000e+04,1.108059565185915517e+03,1.226358838187257561e+03,9.057091144512127130e+02,9.426643092851240908e+02,5.831680718283537317e+02,9.962981481464271383e+02,9.057091144512127130e+02,6.609394828575457268e+02,7.939395442979270001e+02,7.457519694911975421e+02,4.429288881976428343e+02,3.842199890687625157e+02,3.139554108468270783e+02,1.116881820068712614e+03,9.619423059622650953e+02,1.442567156149064829e+02,2.826676493693609586e+02,1.006794914568006789e+03,7.484610878328945773e+02,1.153160006243712814e+03,8.013395035813472305e+02,1.019803902718556969e+02,2.951948509036022870e+02,1.731685883756058047e+03,1.062747853444080192e+03,3.982072324807775203e+02,1.358078790056011485e+03,5.498117859777107697e+02,7.014869920390541438e+02,1.038701111966286419e+02,1.359791160436042901e+03,5.181659965686671967e+02,1.598230271268818115e+03,1.144227250156191758e+03,1.257225914464063180e+03,6.151105591680246789e+02,8.742042095528938717e+02,6.118594609875702872e+02,5.845083404024273932e+02,4.980140560265342629e+02,1.647582471380416109e+03,1.271860448319704574e+03,1.131731858701521332e+03,5.841515214394293025e+02,1.402059199891359867e+03,1.262648803111934285e+03,8.233103910433779902e+02,1.398559616176586132e+03,1.129053585973668532e+03,1.184603309129262925e+03,9.830768026965135959e+02,1.252313059901556699e+03,1.692619862816220120e+03,7.770263830784640504e+02,4.994156585450640478e+02,1.476837838085143403e+03,7.020576899372301796e+02,2.362794955132586097e+02,7.023140323245720538e+02,2.082529711672801113e+03,1.139280913559074861e+03,6.298642710933841045e+02,1.043531024934093693e+03,1.273103687843217358e+03,5.019103505607350826e+02,4.708800271831456712e+02,2.000249984376952739e+02,4.404406884019686004e+02,5.584738131730081250e+02,1.356204261901576501e+03,2.931381926668717028e+02,5.657649688695828445e+02,7.053119877047320188e+02,1.720029069521791598e+02,5.666436269826035641e+02,1.344810767357251734e+03,5.543978715687858312e+02,8.672946442818610535e+01,5.304196451867144333e+02,8.050055900427026927e+02,3.459841036810795458e+02,1.305888969246620036e+03,7.448288393986903202e+02,1.290658746532172927e+02,1.263979825788370817e+03,8.768329373375523801e+02,4.807130120976547687e+02,5.147912198163445510e+02
1.235914641065474143e+03,1.307679242016175749e+03,1.309138648119441996e+03,6.956385555732229022e+02,9.028632233068307187e+02,6.959109138388332667e+02,9.388982905512183379e+02,3.378431588770150142e+02,1.404222560707525417e+03,4.022001989059677385e+02,7.117935093831637232e+02,1.108059565185915517e+03,9.999900000000000000e+04,1.788854381999831844e+02,1.342693189079322110e+03,1.500107996112279807e+03,5.435485258925830294e+02,8.343584361651771815e+02,2.366199484405319424e+02,4.660869017683290281e+02,4.223079445144265947e+02,3.750333318519835188e+02,1.455500601167859259e+03,7.279017790883602856e+02,1.370455398763491303e+03,5.818805719389504247e+02,6.987739262451053719e+02,9.641835924760387115e+02,1.304031057912349070e+03,1.032410770962798551e+03,9.558001883238986238e+02,1.170016239203542000e+03,5.182055576699269750e+02,1.197158301980151691e+03,1.222721554565879160e+03,9.484576954192527865e+02,1.057947541232550975e+03,7.661886190749638672e+02,1.050204741943207864e+03,1.007137031391458663e+03,1.015184712256838566e+03,1.090486588638301328e+03,6.897680769650041839e+02,1.039217012947728790e+03,8.479433943371456053e+02,2.749618155308114638e+02,7.612233574976532964e+02,6.184310794259939712e+02,1.361548016046441262e+03,6.378212915856603331e+02,1.242781557635934632e+03,6.207817651961114507e+02,8.516736464162784159e+02,9.906184936694852468e+02,1.217384491440563806e+03,5.599151721466386107e+02,4.477253622478851867e+02,7.246861389594808998e+02,4.007842312267287639e+02,7.912199441369004944e+02,1.424671892050938141e+03,8.162138200251206399e+02,3.846296920415791192e+02,2.538109532703425373e+02,8.348952030045447827e+02,1.075045115332375190e+03,8.093281164027356454e+02,1.342529701719853847e+03,5.540730998704051444e+02,1.232318140741261686e+03,6.651082618641870567e+02,1.266766750431980654e+03,3.762406145008802696e+02,4.860874406935443517e+02,9.780311855968601549e+02,4.075941609002758810e+02,1.040016346025388202e+03,6.752095970881930498e+02,1.053452419428613666e+03,1.452352574273891605e+03,1.270272805345371580e+03,2.505873101336138973e+02,1.079471166821976794e+03,7.423058668769903079e+02,1.149828248044028442e+03,9.403387687424144588e+02,1.425909183643895403e+03,1.341500652254779880e+03,1.156289323655632415e+03,1.156844846986837638e+03,1.118381419731211281e+03,9.211568813182692566e+02,1.191006717025559055e+03,6.050801599788246676e+02,8.345166265569548614e+02,1.162019793290974803e+03,6.357648936517334732e+02,7.460241282961295610e+02,8.185871975544206407e+02,1.454447661485280150e+03
1.393400516721592112e+03,1.461925100680605965e+03,1.326621272255197937e+03,5.177576653223011363e+02,8.816132939106578306e+02,8.747868311766015950e+02,9.947512251814521278e+02,5.116815415861705674e+02,1.404621301276610893e+03,4.100792606314052478e+02,7.495665414090999548e+02,1.226358838187257561e+03,1.788854381999831844e+02,9.999900000000000000e+04,1.342097239398099646e+03,1.508192295431852472e+03,6.883640025451650217e+02,7.858714907667792886e+02,4.065329014975294513e+02,5.664953662652502544e+02,4.700042552998855285e+02,4.806766064621826331e+02,1.597473630455288685e+03,8.421407245822992991e+02,1.468083103914761296e+03,4.933406530988501686e+02,6.554120841119730585e+02,1.084827175175843422e+03,1.441449617572532361e+03,9.919435467807630857e+02,1.132269402571667115e+03,1.113183722482501935e+03,6.950517966310136444e+02,1.320328746941457666e+03,1.307336223012274786e+03,7.756622976527864921e+02,1.008708580314453343e+03,8.580005827503848650e+02,9.454152526800062333e+02,1.174565877249973482e+03,1.030048542545447162e+03,1.220246286615943745e+03,5.475216890681135737e+02,1.204513179670525687e+03,9.574800259013239838e+02,1.718254928699464017e+02,6.491386600719448552e+02,7.831583492500095645e+02,1.367645056292019035e+03,8.034525499368335204e+02,1.285871688777694544e+03,7.290061728133720180e+02,6.796969913130409395e+02,8.962393653483426306e+02,1.168359961655653478e+03,6.516939465730827123e+02,2.700703612024096287e+02,8.810278088687099398e+02,4.421628659215967900e+02,9.330107180520490147e+02,1.395109314713366757e+03,7.249586195087275655e+02,3.543162429243118936e+02,3.623534186398687780e+02,6.579437665940760098e+02,1.078536972013477225e+03,9.714175209455510185e+02,1.247455810840608592e+03,5.999641655965796190e+02,1.370272965507237814e+03,6.917579056288406036e+02,1.088879240320064127e+03,2.738558014722346456e+02,6.268341088358226898e+02,9.271380695451999827e+02,2.537183477795801707e+02,1.089088609801792018e+03,8.208702698965287254e+02,1.192846176168578722e+03,1.594355042015422669e+03,1.433259571745467156e+03,1.713300907604966028e+02,1.160266348732048755e+03,9.081728910290154317e+02,1.168804945232522641e+03,1.064517261485223571e+03,1.486666405082189158e+03,1.268047317729113729e+03,1.199685375421405979e+03,1.282704174780763651e+03,1.283392769186424857e+03,1.099113278966276539e+03,1.341199835967780018e+03,7.463256661806560714e+02,8.405343538487882142e+02,1.292582685943146998e+03,7.866110856071124999e+02,7.235965726839783656e+02,9.792267357461191750e+02,1.527055336259953719e+03
1.365461094282806698e+03,1.358477088507568396e+03,1.367954677611798786e+02,1.409434638427763275e+03,4.690639615233726545e+02,1.561853066072477986e+03,5.237795337735143448e+02,1.496681996951924248e+03,6.262587324740470507e+01,9.438855862868126678e+02,6.502499519415591749e+02,9.057091144512127130e+02,1.342693189079322110e+03,1.342097239398099646e+03,9.999900000000000000e+04,1.761391495380853769e+02,1.103054849044234970e+03,6.039875826538158208e+02,1.280866113221830801e+03,9.645600033175747967e+02,9.263892270530783435e+02,1.034236433316869807e+03,1.283981697688872828e+03,8.957198222658690838e+02,7.938318461739866052e+02,9.168914875818185237e+02,7.065366232545910634e+02,9.092991806880725107e+02,1.155558739311853515e+03,4.219964454826604197e+02,1.560959000102180880e+03,4.427922763554034873e+02,1.387519369234174064e+03,9.710185374131639264e+02,6.443888577559361011e+02,1.391035944898621210e+03,4.479732134849136287e+02,7.717875355303426659e+02,7.883964738632460012e+02,1.402367284273274890e+03,3.363406011768427675e+02,1.004264905291427567e+03,1.084004151283563942e+03,1.383987355433567473e+03,2.123977636417107078e+03,1.178721765303415395e+03,9.067149496947758962e+02,1.250482306952001636e+03,5.531726674375732244e+01,1.262765615623105305e+03,3.298620923962012057e+02,9.062389309668835722e+02,1.346270775141464583e+03,7.325476093742986450e+02,3.770437640380755511e+02,8.832949677202966541e+02,1.345554532525530931e+03,1.865919880380719860e+03,9.442229609578449754e+02,1.985161958128353717e+03,2.335743992821131201e+02,7.841798263153675634e+02,9.878183031306921293e+02,1.585341918956286236e+03,1.432926027399879331e+03,2.677554854713531540e+02,1.260416201101842489e+03,7.263807541503284710e+02,8.030504342816832377e+02,1.131028293191642433e+03,6.826067682055313526e+02,1.684897919756564988e+03,1.098264084817490584e+03,1.093827225845105659e+03,5.060948527697154873e+02,1.209900822381735452e+03,4.357441910111940615e+02,1.096115413631247065e+03,1.086514150851244040e+03,1.282585279815732065e+03,1.463502647759818728e+03,1.513306644404893859e+03,6.150943017131601209e+02,1.287532912200694000e+03,2.288449256592769530e+02,9.358311813569795277e+02,4.998599803945101030e+02,5.527431591616489186e+02,3.524230412444680383e+02,9.847725625747297045e+02,1.416382010617192236e+03,1.596546585602812911e+03,1.251582198658961488e+03,1.831207525104678098e+03,5.081899251264235886e+02,1.031071772477551576e+03,1.821749159461861836e+03,6.220200961383803815e+02,1.246390789439652508e+03,6.098991719948470518e+02
1.399104356365171270e+03,1.381364904722861411e+03,2.008382433701310674e+02,1.585556369228164613e+03,6.424966925984911086e+02,1.669922153874245623e+03,6.303982867997025323e+02,1.634672444252976220e+03,1.178346298844274429e+02,1.105305840027998784e+03,7.958153052059252559e+02,9.426643092851240908e+02,1.500107996112279807e+03,1.508192295431852472e+03,1.761391495380853769e+02,9.999900000000000000e+04,1.220678909459813667e+03,7.798833246069568759e+02,1.423306361961471794e+03,1.101688249914647940e+03,1.079883327031212275e+03,1.176891668761403025e+03,1.279000390930354570e+03,9.987096675210468675e+02,7.728389224152728048e+02,1.091694554351170154e+03,8.799732950493440740e+02,9.722149967985476451e+02,1.166780613483100296e+03,5.969690109210024502e+02,1.641068554326722733e+03,6.021378579694188602e+02,1.506573927824320208e+03,9.926650996181945175e+02,6.572701119022528928e+02,1.563608646688806175e+03,6.201330502400271598e+02,8.793662490680433166e+02,9.529417610746210130e+02,1.468411727003022861e+03,4.850773134253961416e+02,1.045451577070884696e+03,1.260006349190352239e+03,1.445126984039810850e+03,2.262671871924871084e+03,1.347145129523912829e+03,1.082388562393376333e+03,1.357805950789728968e+03,1.407302383995706805e+02,1.368071635551296595e+03,3.634638909162779328e+02,1.025445269139216407e+03,1.520644600161392191e+03,9.016789894413643651e+02,5.316587251235514486e+02,1.015132011119736148e+03,1.519721685046311450e+03,1.991217215674874524e+03,1.099647216156163495e+03,2.114280255784459769e+03,3.212257772969037433e+02,9.596754659779523990e+02,1.154067589008546747e+03,1.738369350857291238e+03,1.608050372345344158e+03,4.296626583728215678e+02,1.346057948232541776e+03,8.581526670703761965e+02,9.523576009041981933e+02,1.152779250333731397e+03,8.356033748136732129e+02,1.851829905795885907e+03,1.269376618659726319e+03,1.218453528042821972e+03,6.811174641719297824e+02,1.383258833335251211e+03,5.295904077681166200e+02,1.198015024947517077e+03,1.135275297009496171e+03,1.278006259765577170e+03,1.498447529945576662e+03,1.679016974303714505e+03,6.676181543367436007e+02,1.381547682854269169e+03,3.549042124292130893e+02,1.002319809242539122e+03,4.468388971430307492e+02,6.800735254367721154e+02,4.211424937001726789e+02,1.014054239180528270e+03,1.468878824137648280e+03,1.682536775229593559e+03,1.285536852836199387e+03,1.966835529473677070e+03,6.688751752008740823e+02,1.060706368416820624e+03,1.952973374114455282e+03,7.926991863248000527e+02,1.330645332160301905e+03,5.550441423886932171e+02
