9.999900000000000000e+04,1.862900963551202835e+02,3.458626895170972375e+02,2.917704577231903613e+02,2.183048327454067135e+02,2.121909517392294333e+02,1.240403160266854599e+02,3.236819426535870434e+02,5.727128425310541360e+01,2.096091601051824398e+02,1.553222456700906662e+02,2.401041440708593768e+02,1.928756075816742452e+02,2.073306537876152902e+02,2.645694615786183022e+02,5.420332093147060704e+01,1.028007782071711773e+02,3.996248240537616994e+02,2.304256930118687876e+02,2.163330765278393741e+01,2.387383505011291618e+02,3.522782990761707111e+01,7.564390259630977198e+01,4.680021367472588736e+02,2.284928882919553814e+02,1.474618594755945651e+02,2.705124766069025668e+02,4.008802813808631527e+02,1.772004514666934938e+02,1.320946630261798305e+02,1.756416807025029527e+02,2.953675676170286692e+02,8.485281374238570606e+01,2.576703320136022057e+02,2.748381341808301386e+02,2.561288738116028867e+02,3.498599719887943706e+02,3.153981610599529404e+02,2.545937941113255079e+02,1.450861812854690811e+02,1.725137675665336587e+02,2.142825237857721277e+02,2.985632261347669782e+02,3.212880327681066888e+02,2.113669794457024409e+02,1.578131806916013034e+02,2.106466235191060434e+02,6.879680225126746507e+01,3.883297567789519888e+01,2.637972706454712579e+02,8.127115109311544927e+01,1.623607095328177081e+02,2.850473644852728512e+02,3.406479120734486514e+02,1.724296958183247455e+02,4.160432669807312323e+02,1.224826518328207925e+02,3.900115382908562083e+02,1.600312469488380884e+02,1.159741350474320143e+02,1.272792206135785591e+02,2.437067910420224734e+02,1.358307770720612382e+02,3.892171630336976591e+02,2.351361307838504047e+02,9.276313923105448112e+01,4.548626166217663780e+01,3.721034802309701490e+02,8.077747210701755876e+01,1.520526224699856925e+02,1.252557383915004579e+02,2.097736875778275589e+02,2.298695282111137033e+02,1.762044267321340669e+02,9.767292357659823665e+01,2.745906043549196056e+02,2.829787977923434710e+02,1.023962889952560715e+02,1.097724920005007476e+02,2.450816190578151179e+02,4.178241256796931111e+02,6.585590330410782656e+01,2.003921156133643819e+02,2.204381999563596537e+02,2.773157045679166117e+02,2.049414550548521845e+02,2.272003521124032090e+02,2.550490148971369706e+02,2.339444378479642239e+02,2.920222594255444619e+02,9.402127418834527361e+01,3.361487765856065266e+02,1.335402561027947002e+02,3.364817974274388348e+02,4.082707435023969538e+02,6.628725367670620017e+01,1.802775637731994607e+02,1.034069630150697350e+02,1.670269439342048088e+02,1.302497600765544519e+02
1.862900963551202835e+02,9.999900000000000000e+04,5.169806572783937781e+02,3.240030864050526134e+02,3.503954908385665590e+02,6.536818798161687027e+01,3.103063002905354892e+02,4.787588119293471323e+02,1.377534028617805006e+02,3.794944004856988613e+02,3.436568055487916240e+01,9.231467922275416527e+01,3.600013888862097247e+02,8.286132994346638725e+01,4.506939094329986801e+02,1.728872464931985746e+02,2.841548873413934189e+02,4.955522172284167937e+02,7.964923100695951064e+01,1.659518002312719602e+02,3.698918760935416685e+02,2.143105223734943081e+02,2.495796466060483851e+02,6.180695753715757519e+02,3.379363845459674849e+02,2.392007525071775262e+02,3.930203557069277167e+02,5.481395807638780298e+02,1.979898987322333070e+01,2.581181899828061432e+02,1.897630100941698288e+02,4.143066497173319362e+02,1.025280449438103716e+02,4.432268042436061819e+02,4.604345773288535497e+02,4.310104407088069820e+02,4.811756436063654405e+02,3.426076473168688494e+02,4.401931394285921897e+02,1.445060552364502087e+02,5.920304046246273799e+01,2.578468537717689628e+02,2.670805122055894003e+02,4.511873225169342163e+02,3.841874542459709119e+01,6.800735254367721438e+01,3.860207248322296891e+02,2.415056935146664330e+02,2.232576986354557960e+02,4.232316150761897120e+02,1.567067324654559854e+02,2.418677324489564739e+01,4.375065713792193947e+02,4.193149174546500717e+02,3.515280927607351487e+02,5.701403336021754740e+02,2.334137956505570344e+02,4.724118965479171948e+02,3.367877669987435638e+02,7.951100552753688078e+01,2.377393530739073810e+02,3.997311596560868452e+02,1.626099627944118424e+02,3.695104869959714620e+02,2.850140347421508977e+02,1.198540779448075284e+02,2.052437575177379188e+02,5.158885538563537239e+02,2.509442169088580670e+02,3.366184783995079215e+02,3.100983714887906331e+02,3.901550973651375784e+02,4.158557442190740971e+02,2.298695282111137033e+02,2.167487024182613311e+02,4.479732134849136287e+02,4.679369615664058415e+02,9.660745312862771073e+01,8.528774824088158368e+01,4.131646161035574210e+02,5.405783939448560886e+02,2.441003891844500799e+02,3.629944903163132039e+02,1.241974234837422131e+02,4.465422712353221186e+02,2.362223528796544656e+02,1.535838533179839089e+02,4.371201207906128730e+02,3.534543817807327741e+02,4.107030557470932877e+02,2.778344831010002736e+02,3.669386869764484231e+02,3.150634856659844445e+02,4.320416646574726087e+02,4.479877230460674014e+02,1.254830665866912938e+02,3.616683563708608631e+02,2.215152364962735589e+02,3.499057015825835606e+02,3.142562648540200598e+02
3.458626895170972375e+02,5.169806572783937781e+02,9.999900000000000000e+04,3.642375598424742407e+02,1.960102038160258644e+02,5.160852642732594404e+02,2.424396832203836993e+02,7.970570870395670227e+01,3.810052493076702831e+02,1.378005805503010208e+02,4.920162598939185727e+02,5.345811444486234905e+02,1.569840756255232463e+02,5.002889165272403034e+02,1.852187895436097449e+02,3.442455518957361846e+02,2.440348335791429690e+02,2.666027006614899051e+02,5.301179114121687235e+02,3.671852393547431461e+02,1.862176146340619312e+02,3.114482300479487549e+02,3.250553798970261710e+02,1.560032050952800091e+02,2.352573059439387464e+02,3.016819517306263947e+02,1.926291774368566507e+02,1.203411816461846087e+02,5.134754132380634246e+02,2.673462174783851424e+02,3.825611062301027800e+02,1.955019181491578024e+02,4.178001914791327636e+02,2.020618717126019419e+02,1.391294361377203188e+02,2.900017241328058049e+02,1.589370944745121506e+02,3.774612562899667978e+02,1.465776244861404507e+02,4.006207683083841289e+02,5.165191187168196620e+02,3.439563925848740382e+02,4.544854233086029467e+02,1.629631860267833758e+02,5.298764006822723331e+02,4.640883536569302805e+02,2.864000698323937399e+02,2.795174413162799283e+02,3.075922625814895355e+02,1.023914058893616357e+02,4.195616760382196730e+02,4.954714926209176156e+02,1.062308806327049098e+02,2.892092667948245435e+02,1.751713446885648580e+02,1.062120520468369449e+02,2.937430850249925243e+02,2.946353678701862577e+02,1.859704277566731889e+02,4.591481242475024942e+02,2.908487579481817420e+02,1.268463637634126258e+02,3.783080755151811445e+02,4.797176252755364203e+02,3.335416016031583695e+02,4.384153281991860354e+02,3.568669219751250807e+02,1.219180052330253687e+02,2.686335794348874515e+02,2.055164227014473965e+02,2.626518608348320640e+02,2.602498799231231033e+02,1.984565443617317442e+02,3.378535185550092592e+02,3.037647115778921147e+02,7.150524456289902275e+01,1.253235811808775253e+02,4.204806773206112780e+02,4.532780603558923644e+02,3.185090265596879249e+02,2.036565736724449494e+02,2.802427519134080853e+02,3.322438863244890399e+02,4.871550061325450542e+02,7.049113419430842953e+01,3.605468069474475215e+02,4.717297955397771716e+02,2.440512241313286381e+02,2.131501817967791510e+02,1.966977376585709578e+02,2.870836115141370897e+02,3.775248336202533892e+02,2.769295939404093474e+02,2.514617267100502431e+02,3.891966084127661247e+02,4.113404915638624288e+02,1.712337583538947001e+02,3.000966510976089126e+02,2.558378392654221898e+02,2.224230203913255082e+02
2.917704577231903613e+02,3.240030864050526134e+02,3.642375598424742407e+02,9.999900000000000000e+04,1.786756838520563804e+02,2.782103520719529115e+02,3.295147948120084038e+02,2.900068964697218803e+02,2.632451329084737495e+02,2.770884335370208191e+02,3.236865767992240990e+02,2.763910273507445368e+02,2.611761857444127486e+02,2.551626931978889559e+02,4.296614946676045861e+02,2.397415274832460170e+02,2.843835438276976220e+02,1.970837385478568535e+02,2.805601539777165385e+02,2.966243415500487686e+02,1.812456896039185779e+02,2.743884108339854606e+02,3.508902962465619453e+02,3.851908617815329308e+02,1.344061010519983768e+02,1.476651617681029052e+02,1.720726590716840292e+02,3.218462365788980151e+02,3.352163480500317405e+02,1.808120571200936126e+02,1.380579588433785432e+02,1.751456536714514129e+02,2.824924777759577523e+02,4.350264359783207624e+02,4.058595816289175673e+02,4.846607060614672946e+02,2.396330528120025463e+02,2.370653918225939449e+01,3.917601306922387607e+02,1.860967490312498853e+02,3.653176699805252952e+02,7.816009211867653050e+01,1.043168251050615538e+02,2.170069123323033580e+02,3.086389476394708140e+02,2.567975856584325243e+02,4.469116243733205920e+02,2.588841439717774620e+02,2.864157816880906466e+02,2.680914023239089374e+02,3.567702341844117200e+02,3.169305917705010529e+02,2.580271303564801428e+02,1.162110149684615692e+02,2.976071235706564835e+02,3.550126758300328902e+02,1.753282635515449215e+02,1.635267562205035574e+02,2.829628950940387995e+02,3.262207841324644733e+02,1.716799347623361598e+02,2.476307735318855805e+02,1.765559401436269980e+02,1.208304597359457233e+02,5.745432968889289782e+01,3.418259791180301477e+02,3.365902553550830021e+02,2.897119258850073606e+02,2.530316185775999145e+02,3.200031249847413619e+02,3.532208940592274757e+02,4.313386140841091105e+02,4.079828427765069705e+02,1.163872845288522058e+02,1.973676771915806967e+02,3.257514389837748467e+02,4.030000000000000000e+02,2.602325882744127057e+02,3.244996147917590292e+02,4.900295909432409189e+02,2.703127817917606421e+02,2.702757850788708538e+02,4.609349194843020427e+02,2.178095498365487117e+02,3.103191905119630292e+02,9.334345183246652766e+01,1.874726646740798799e+02,4.588027898781784870e+02,1.547384890710775949e+02,1.728380745090618120e+02,3.410131962256006091e+02,4.554119014694280310e+01,3.734661965961578289e+02,1.471393896956216167e+02,1.251439171514141151e+02,3.114482300479487549e+02,3.126179777300083629e+02,1.926265817585932325e+02,3.903639327601872537e+02,3.065371103145587881e+02
2.183048327454067135e+02,3.503954908385665590e+02,1.960102038160258644e+02,1.786756838520563804e+02,9.999900000000000000e+04,3.356009535147360339e+02,1.869358178627092286e+02,1.350592462588178364e+02,2.283527972239446910e+02,1.004041831797858890e+02,3.324154027718932412e+02,3.498128070840174360e+02,8.772684879784523559e+01,3.170504691685536613e+02,2.566281356359820620e+02,1.901183841715471772e+02,1.512514462740769829e+02,1.880664776083180527e+02,3.472823059126393446e+02,2.349574429551019819e+02,2.061552812808830382e+01,1.855262784621089622e+02,2.423489220112192015e+02,2.681063221932672036e+02,4.438468204234429493e+01,1.144027971686007277e+02,5.308483775994798748e+01,1.980353503796733889e+02,3.518707148939791978e+02,9.403190947758106688e+01,1.906016789013150401e+02,7.816009211867653050e+01,2.633040068058213024e+02,2.643425807545958151e+02,2.287378412069153057e+02,3.266022045240968623e+02,1.337647188162857788e+02,1.965731416038315160e+02,2.160671192014185067e+02,2.168155898453798898e+02,3.655625801418958076e+02,1.479797283414184506e+02,2.600942136995746523e+02,1.042161215935423257e+02,3.549380227589036281e+02,2.887801932266131075e+02,2.958462438497402900e+02,1.541752249876743406e+02,1.905177157116891351e+02,9.419129471453292979e+01,2.994461554269815906e+02,3.323853185686756433e+02,9.470480452437458041e+01,1.502331521336086553e+02,1.320037878244408489e+02,2.222003600357119240e+02,1.171537451385998168e+02,1.884728097100480966e+02,1.215935853571231746e+02,3.106010302622964332e+02,1.126987133910587318e+02,7.106335201775947041e+01,1.948050307358616351e+02,2.991738624947038829e+02,1.392910621683961381e+02,3.038486465331053523e+02,2.509222987301048988e+02,1.655173706896046610e+02,1.426884718538957486e+02,1.638566446623389083e+02,2.144061566280222166e+02,2.754087870784082384e+02,2.397102417503265599e+02,1.441006592628916394e+02,1.367515996250135402e+02,1.481249472573745720e+02,2.249844439066843620e+02,2.564527246881966676e+02,3.058708877941802484e+02,3.392285365354748592e+02,1.999199839935967873e+02,1.624438364481706003e+02,3.222328350742673706e+02,2.978925980953538328e+02,1.343018987207552470e+02,1.647604321431574874e+02,2.793080736391270307e+02,2.936954204614024775e+02,2.758622844826744469e+01,7.505997601918082296e+01,2.163631207022120861e+02,2.039240054530118300e+02,2.359194777885030874e+02,1.306483830745715693e+02,2.450673376849717897e+02,2.717075633838704789e+02,1.454544602272477505e+02,1.311868895888609643e+02,2.410746772267879692e+02,1.589591142401089314e+02
2.121909517392294333e+02,6.536818798161687027e+01,5.160852642732594404e+02,2.782103520719529115e+02,3.356009535147360339e+02,9.999900000000000000e+04,3.320195777360124225e+02,4.690042643729372571e+02,1.560288434873501160e+02,3.814616625560162220e+02,9.055385138137417300e+01,3.041381265149109936e+01,3.610927858598119542e+02,2.308679276123039159e+01,4.731447981326646754e+02,1.822004390774072817e+02,2.987390165344995694e+02,4.613296001775736954e+02,1.868154169226940553e+01,1.951332877804297254e+02,3.535774314064742612e+02,2.328604732452461406e+02,2.838326972003049491e+02,6.027976443218735767e+02,3.154203544478384060e+02,2.212057865427575223e+02,3.721101987315047950e+02,5.327682422967795901e+02,8.459905436823747493e+01,2.494353623686906190e+02,1.546253536778493469e+02,3.910613762569757910e+02,1.297112177107284765e+02,4.678386473988654757e+02,4.767651413431984793e+02,4.668715026642769885e+02,4.603922240872449834e+02,2.944571276094365544e+02,4.567898860526577209e+02,1.188486432400471244e+02,1.242577965360725329e+02,2.210565538499141667e+02,2.091530540059121392e+02,4.307957752810489183e+02,3.306055050963308162e+01,5.544366510251644797e+01,4.213466506334184487e+02,2.537754913304277409e+02,2.443460660620505962e+02,4.175020958031228702e+02,2.049194963882158333e+02,7.779460135510689156e+01,4.276739412215806055e+02,3.821544190507287340e+02,3.612658301029866266e+02,5.578001434205624491e+02,2.231434516180118521e+02,4.345595471278936088e+02,3.452028389222776923e+02,1.291394595001852963e+02,2.265502151841838270e+02,3.930928643463271897e+02,1.408012784032872275e+02,3.101950998968230238e+02,2.473095226634025039e+02,1.690680336432644424e+02,2.416153968603822193e+02,4.996078462154092108e+02,2.609904212801688459e+02,3.529660040287166112e+02,3.370014836762592267e+02,4.218649072866810457e+02,4.392413914921953051e+02,2.003921156133643819e+02,2.126146749403718843e+02,4.502499305941090597e+02,4.825619131261811390e+02,1.100000000000000000e+02,1.333604139165742026e+02,4.526367196770495980e+02,5.147776218912395052e+02,2.591061558512263332e+02,4.043191808460241532e+02,6.412487816752559411e+01,4.459293666041742199e+02,1.983380951809308783e+02,9.552486587271400253e+01,4.672098029793467617e+02,3.335940646954019257e+02,3.875177415293395029e+02,3.061976485866604207e+02,3.185733824411574915e+02,3.456385395178031672e+02,3.997861928581326083e+02,3.990613987846982695e+02,1.636001222493430873e+02,3.732626421167807962e+02,2.160416626486659766e+02,3.791899260265230396e+02,3.304421280648095376e+02
1.240403160266854599e+02,3.103063002905354892e+02,2.424396832203836993e+02,3.295147948120084038e+02,1.869358178627092286e+02,3.320195777360124225e+02,9.999900000000000000e+04,2.430226326908668852e+02,1.765049574374612291e+02,1.228087944733600949e+02,2.792292964572306460e+02,3.582010608582838813e+02,1.160043102647483551e+02,3.240246904172581708e+02,1.412834031300209006e+02,1.522103807235235706e+02,4.580392996239514503e+01,3.723680974519702431e+02,3.496312343026577878e+02,1.448378403594861652e+02,2.026079958935480931e+02,9.918165152889923775e+01,8.280096617793780922e+01,3.834370874080909743e+02,2.192373143422442183e+02,1.889153249474483403e+02,2.367298037848213141e+02,3.230619135707581222e+02,3.010548122850721029e+02,1.496829983665479631e+02,2.547783350287068629e+02,2.605379051117130871e+02,2.083698634639856095e+02,1.360147050873544288e+02,1.516377261765686058e+02,1.575436447464638263e+02,2.940000000000000000e+02,3.522413945009870417e+02,1.314838393111488131e+02,2.427920921282239703e+02,2.933751864081214080e+02,2.634027334710101513e+02,3.712384678343557880e+02,2.705993348107123211e+02,3.342484106170140308e+02,2.766532125242719644e+02,1.175159563633807096e+02,8.516454661418681837e+01,8.796590248499698816e+01,1.846212338816962983e+02,1.832184488527288124e+02,2.864000698323937399e+02,2.124758809841719369e+02,3.355964838909966943e+02,7.300684899377591819e+01,3.297059295796786387e+02,1.626038129934227641e+02,3.753784756748846689e+02,7.200000000000000000e+01,2.384617369726220772e+02,1.644688420339852826e+02,1.731848723185717631e+02,2.255836873534963729e+02,4.445447109121870994e+02,2.739142201493015136e+02,2.087510479015614351e+02,1.190168055360250321e+02,3.003614489244583297e+02,8.417244204607585800e+01,3.712142238654116966e+01,2.765863337187866122e+01,1.044461583783721608e+02,1.072287274940815536e+02,2.322455596992114693e+02,1.499666629621396794e+02,1.723078640109034723e+02,1.607513608029493355e+02,2.225241559921079784e+02,2.321551205552011936e+02,1.605147968257132334e+02,3.640343390396021164e+02,7.629547824084990282e+01,1.359595528089144523e+02,3.292005467796188327e+02,1.814662503056697744e+02,2.646828290615014794e+02,3.283321488980328127e+02,1.417603611733547950e+02,2.124617612654098195e+02,2.580716954646518388e+02,4.465422712353221613e+01,3.673717463278851483e+02,4.904079934095691584e+01,3.174933070160692523e+02,4.242133896990994231e+02,1.883082579177025764e+02,7.201388754955533500e+01,1.516080472798195444e+02,6.122091146005586637e+01,2.844292530665578411e+01
3.236819426535870434e+02,4.787588119293471323e+02,7.970570870395670227e+01,2.900068964697218803e+02,1.350592462588178364e+02,4.690042643729372571e+02,2.430226326908668852e+02,9.999900000000000000e+04,3.483819742753634614e+02,1.208056290079233008e+02,4.574986338777417814e+02,4.843139477652899245e+02,1.328495389529071815e+02,4.511363430272493815e+02,2.319762918920810648e+02,3.099741924741477419e+02,2.295778734982968672e+02,1.897630100941698288e+02,4.813501843772369284e+02,3.436771741038382970e+02,1.202081528017130836e+02,2.884666358523980421e+02,3.207304163935812085e+02,1.444022160494775733e+02,1.676096655924114600e+02,2.485015090497440156e+02,1.182074447740073566e+02,8.008120878208569593e+01,4.780564820185999793e+02,2.211447489767731156e+02,3.256316937891642169e+02,1.173882447266335163e+02,3.849805189876495319e+02,2.466576574931335983e+02,1.883666637173361380e+02,3.303937045405072581e+02,8.202438661763950734e+01,3.015990716166082848e+02,1.878403577509370166e+02,3.506565271030898430e+02,4.868233765956601928e+02,2.788422493095334289e+02,3.846686886139811463e+02,8.325863318599459717e+01,4.866148374227814202e+02,4.202154209450195594e+02,3.163321039667014247e+02,2.548901724272632805e+02,2.881423259432741020e+02,6.037383539249432118e+01,4.028808756940443345e+02,4.590697114818183877e+02,4.140048308896890461e+01,2.096783250600786346e+02,1.700176461429812775e+02,9.261749294814667621e+01,2.468116690920427345e+02,2.157799805357299476e+02,1.739540169125162663e+02,4.299627890876139418e+02,2.430020576044573204e+02,8.043009387039157332e+01,3.284204622126946447e+02,4.028697059844535033e+02,2.649547131115051570e+02,4.155971607217739461e+02,3.443617284194049262e+02,6.040695324215582218e+01,2.429588442514493067e+02,2.070990101376633845e+02,2.680914023239089374e+02,2.907662291257360039e+02,2.341836885865452302e+02,2.789157578911596715e+02,2.620114501314780568e+02,8.860022573334674689e+01,1.771242501748419613e+02,3.827335888055815758e+02,4.245703710811671954e+02,3.542950747611374709e+02,1.385388032285539737e+02,2.587914218052831643e+02,3.570224082603219244e+02,4.329307103913973833e+02,7.021395872616783151e+01,2.975718400655545679e+02,4.141618041297386412e+02,2.868100416652108606e+02,1.456021977856103717e+02,1.189495691459199804e+02,2.853383955937230780e+02,3.000966510976089126e+02,2.864000698323937399e+02,1.717731061604231400e+02,3.094915184621381741e+02,3.856008298746256742e+02,1.731184565550421155e+02,2.572877766237642163e+02,2.741824210265858710e+02,2.173315439599139154e+02
5.727128425310541360e+01,1.377534028617805006e+02,3.810052493076702831e+02,2.632451329084737495e+02,2.283527972239446910e+02,1.560288434873501160e+02,1.765049574374612291e+02,3.483819742753634614e+02,9.999900000000000000e+04,2.432118418169641814e+02,1.110180165558725918e+02,1.833303030052587985e+02,2.242699266508998619e+02,1.502065244921138571e+02,3.177876649588527016e+02,3.860051813123756403e+01,1.467787450552701785e+02,3.968122981965150871e+02,1.740114938732496626e+02,4.494441010848846219e+01,2.488453334905036911e+02,7.787810988975014936e+01,1.321892582625381181e+02,4.908543572181059744e+02,2.273697429298806298e+02,1.325179233160556294e+02,2.770000000000000000e+02,4.218068278252499113e+02,1.325745073534124003e+02,1.346142637315971911e+02,1.337235955244997001e+02,3.006958596322868971e+02,3.687817782917154830e+01,3.120032051117423748e+02,3.241727934296769718e+02,3.133975111579541704e+02,3.620966721747108181e+02,2.861957372149347520e+02,3.039901314187682715e+02,9.492101980067428713e+01,1.385388032285539737e+02,1.853348321282321649e+02,2.536533067003069846e+02,3.324123944740929915e+02,1.581518257877537224e+02,1.010791768862410152e+02,2.679178978717174004e+02,1.037545179739176433e+02,8.856635930193812101e+01,2.906217472936256172e+02,9.392017887546850829e+01,1.151043005278256288e+02,3.078246253956950795e+02,3.298620923962012057e+02,2.137755832643194935e+02,4.408219595256116463e+02,1.151086443322133874e+02,3.816975242256622209e+02,1.991230775173987695e+02,8.237718130647589021e+01,1.201665510863984139e+02,2.681510768205117756e+02,9.170605214488300305e+01,3.494824745248322415e+02,2.097450833750340848e+02,8.122191822408530015e+01,9.518928511129810488e+01,3.909437299663469503e+02,1.133710721480572374e+02,2.000000000000000000e+02,1.810441934998192721e+02,2.666927070618917242e+02,2.835912551543153768e+02,1.476482306023339959e+02,9.219544457292887785e+01,3.111912595173585601e+02,3.311027030998085934e+02,4.609772228646443892e+01,7.752418977325721983e+01,3.020347662107791393e+02,4.268126052496575653e+02,1.066255128944287947e+02,2.564624728883350713e+02,1.637833935415920052e+02,3.108311438707518164e+02,1.711636643683465877e+02,1.725688268488837025e+02,3.114642836666830590e+02,2.379285607067802175e+02,2.971548417912788977e+02,1.506519166821318549e+02,3.087069808086626495e+02,1.905177157116891351e+02,3.323431961090823847e+02,3.853894134508627189e+02,4.901020301937138157e+01,2.240089283934906064e+02,9.808669634563088380e+01,2.235039149545260102e+02,1.774852106514793491e+02
2.096091601051824398e+02,3.794944004856988613e+02,1.378005805503010208e+02,2.770884335370208191e+02,1.004041831797858890e+02,3.814616625560162220e+02,1.228087944733600949e+02,1.208056290079233008e+02,2.432118418169641814e+02,9.999900000000000000e+04,3.542273281383016297e+02,4.016590594023742256e+02,2.061552812808830382e+01,3.669468626381754461e+02,1.567322557739790909e+02,2.066349438018652336e+02,1.104536101718726115e+02,2.634008352302627145e+02,3.963130076088848455e+02,2.306252371272493633e+02,1.060754448494089530e+02,1.747254989977135438e+02,2.000249984376952739e+02,2.635185002993148373e+02,1.442532495301232416e+02,1.764794605612789269e+02,1.350000000000000000e+02,2.008606482116395000e+02,3.757126561615937703e+02,1.371167385843172610e+02,2.582130902955928491e+02,1.546932448428178759e+02,2.800000000000000000e+02,1.654871596227332589e+02,1.288099375048369382e+02,2.348829495727605945e+02,1.742699056062176339e+02,2.960608045655486649e+02,1.156633044660232770e+02,2.690910626535188612e+02,3.790211075916485015e+02,2.341046774415240179e+02,3.495425582100125439e+02,1.540194792875238932e+02,3.935733730830885406e+02,3.283428086619227315e+02,2.106086417980041006e+02,1.421724305201258005e+02,1.721046193453272792e+02,6.181423784210236505e+01,2.860856515101727382e+02,3.577946338334324423e+02,9.008884503644166841e+01,2.444933536928969318e+02,5.015974481593781320e+01,2.101903898849802204e+02,1.628066337714774932e+02,2.742353004264768401e+02,5.331041174104736058e+01,3.216364407215078245e+02,1.608228839437969953e+02,5.360037313302958495e+01,2.471639132235933971e+02,3.979170767886193403e+02,2.320021551624035965e+02,3.023722870899381974e+02,2.255238346605520121e+02,1.775528090456470238e+02,1.310457935227224198e+02,8.809086218218095610e+01,1.487581930516769830e+02,1.871817298776779523e+02,1.428005602229907254e+02,2.180091741188888648e+02,1.690088755065839621e+02,6.887670143089025032e+01,1.261942946412396225e+02,2.831483710000818519e+02,3.158259014077218012e+02,2.523667965481988631e+02,2.435261792908516156e+02,1.437532608325807644e+02,2.454485689508089195e+02,3.577610934688119642e+02,6.794115100585212019e+01,2.458149710656370814e+02,3.459306288838847649e+02,1.978534811419804100e+02,1.274127152210484866e+02,1.531698403733580847e+02,1.645600194457936993e+02,3.042433236736674758e+02,1.681457700925003849e+02,2.174488445588984860e+02,3.430058308542290888e+02,2.743610759564847399e+02,5.688585061331156822e+01,1.660271062206409738e+02,1.612761606685873517e+02,9.656603957913982583e+01
1.553222456700906662e+02,3.436568055487916240e+01,4.920162598939185727e+02,3.236865767992240990e+02,3.324154027718932412e+02,9.055385138137417300e+01,2.792292964572306460e+02,4.574986338777417814e+02,1.110180165558725918e+02,3.542273281383016297e+02,9.999900000000000000e+04,1.201041214946431381e+02,3.352193311848229200e+02,1.026498904042279037e+02,4.188961685191212041e+02,1.482733961302566286e+02,2.553605294480726968e+02,4.863383595810636848e+02,1.074476616776744891e+02,1.344061010519983768e+02,3.524045970188243473e+02,1.851485889765298793e+02,2.161226503631676223e+02,5.985925158235776280e+02,3.238549057834387668e+02,2.247576472558831426e+02,3.775102647611055318e+02,5.289858221162453447e+02,2.193171219946130890e+01,2.388011725264346410e+02,1.862713075060139261e+02,3.997661816612305756e+02,7.433034373659252481e+01,4.109756683795282584e+02,4.301313752796929180e+02,3.970050377514119191e+02,4.649182723877391368e+02,3.437048152121235489e+02,4.098841299684582964e+02,1.386542462386204875e+02,4.204759208325727826e+01,2.530494022913312335e+02,2.771371501621534890e+02,4.349402257782096513e+02,7.026378868236469089e+01,6.987131027825368790e+01,3.521150380202470274e+02,2.140327077808436229e+02,1.931553778697347070e+02,4.006444808056139664e+02,1.223764683262268420e+02,1.280624847486569706e+01,4.165345123756253543e+02,4.124002909795287906e+02,3.237360035584550246e+02,5.495534550887656451e+02,2.154181979313725606e+02,4.655083243079547515e+02,3.095561338432821117e+02,4.517742799230607176e+01,2.200568108466538604e+02,3.776903493604251594e+02,1.533786165017796748e+02,3.798855090681927891e+02,2.801749453466530326e+02,8.551023330572779457e+01,1.716566340110396141e+02,4.973047355495421016e+02,2.241160413714288211e+02,3.068631616861170528e+02,2.777804888756588184e+02,3.567211796347393715e+02,3.839387972060130210e+02,2.216867158852780619e+02,1.964306493396587996e+02,4.221670285562339018e+02,4.380799013878632877e+02,7.602631123499284627e+01,5.103920062069938268e+01,3.788931247726725360e+02,5.265016619157056539e+02,2.156478611069444469e+02,3.286609194899813247e+02,1.404279174523356630e+02,4.218068278252499113e+02,2.326413548791358039e+02,1.666883319251830642e+02,4.038626003977095138e+02,3.378535185550092592e+02,3.961641074100479614e+02,2.453589207671080317e+02,3.679198282234867747e+02,2.819964538784131491e+02,4.221575535271162494e+02,4.486981167778621398e+02,9.239588735436225875e+01,3.332041416309227202e+02,2.016581265409356263e+02,3.169684526889071776e+02,2.847033543883879361e+02
2.401041440708593768e+02,9.231467922275416527e+01,5.345811444486234905e+02,2.763910273507445368e+02,3.498128070840174360e+02,3.041381265149109936e+01,3.582010608582838813e+02,4.843139477652899245e+02,1.833303030052587985e+02,4.016590594023742256e+02,1.201041214946431381e+02,9.999900000000000000e+04,3.811364585027257590e+02,3.492849839314595783e+01,4.989639265518099478e+02,2.069685966517625957e+02,3.233604799600594220e+02,4.650268809434568311e+02,1.272792206135785520e+01,2.237543295670499504e+02,3.669577632371333493e+02,2.590694887477102952e+02,3.126979373133120248e+02,6.152105330697776253e+02,3.264061886668204693e+02,2.358156059297178899e+02,3.832557892582967725e+02,5.454071873380474926e+02,1.120446339634344071e+02,2.672395928750079293e+02,1.629355700883020859e+02,4.009438863482021134e+02,1.589024858207070281e+02,4.941983407499462828e+02,5.009530916163707843e+02,4.955562531136096709e+02,4.709564735726646632e+02,2.907129168096938656e+02,4.811195277683083305e+02,1.341640786499873741e+02,1.514892735476673806e+02,2.261526033456170524e+02,1.981161275615894795e+02,4.417284233553462514e+02,5.522680508593630577e+01,8.229823813423953993e+01,4.500155552867033748e+02,2.782103520719529115e+02,2.710018450121696105e+02,4.346918448740440795e+02,2.353061835141609777e+02,1.072986486401389925e+02,4.431907038736259210e+02,3.847245768078769288e+02,3.840755134084962492e+02,5.716379973374757810e+02,2.408401959806543573e+02,4.363312961500698748e+02,3.677227216259555576e+02,1.595117550527233163e+02,2.438237068047321827e+02,4.100987685911773042e+02,1.565247584249852650e+02,2.964321170183824847e+02,2.512866888635369094e+02,1.994818287463797901e+02,2.709557159389703429e+02,5.120009765615686774e+02,2.847402324927055588e+02,3.776903493604251594e+02,3.643089348341596860e+02,4.498722040757797345e+02,4.653880101592648657e+02,2.101094952637790811e+02,2.327444951013879404e+02,4.701595473879053202e+02,5.062459876384206723e+02,1.377134706555607693e+02,1.637681287674741668e+02,4.819180428247109944e+02,5.226327582538239085e+02,2.841918366174510879e+02,4.339135858670479706e+02,5.883026432033091169e+01,4.648462111279385454e+02,2.033838735003343459e+02,8.905054744357273933e+01,4.947928859634099581e+02,3.456009259246855549e+02,3.974581739000973357e+02,3.339371198294672922e+02,3.143914757114130225e+02,3.736428776251462409e+02,4.049913579324872330e+02,3.937829351305106798e+02,1.935355264544471083e+02,3.965476011779670102e+02,2.356374333589635626e+02,4.068316605182050125e+02,3.552590604052203389e+02
1.928756075816742452e+02,3.600013888862097247e+02,1.569840756255232463e+02,2.611761857444127486e+02,8.772684879784523559e+01,3.610927858598119542e+02,1.160043102647483551e+02,1.328495389529071815e+02,2.242699266508998619e+02,2.061552812808830382e+01,3.352193311848229200e+02,3.811364585027257590e+02,9.999900000000000000e+04,3.464462440264001657e+02,1.694992625352688549e+02,1.872778684201633155e+02,9.677293009927930711e+01,2.608926982496827236e+02,3.758576858333483415e+02,2.135720019103627862e+02,9.683491106000975890e+01,1.577466322936879806e+02,1.890105817143579827e+02,2.769422322434770649e+02,1.302075266641679150e+02,1.562049935181330795e+02,1.284133949399360688e+02,2.122498527679112499e+02,3.566020190632689264e+02,1.165589979366672537e+02,2.378423847845459136e+02,1.500833101980363438e+02,2.611225765804251751e+02,1.766946518715266734e+02,1.452480636703980394e+02,2.407592158153037474e+02,1.780028089666002984e+02,2.808148856453304347e+02,1.305871356604470463e+02,2.484854120466632139e+02,3.608489988901174570e+02,2.153369452741447105e+02,3.308549531138985458e+02,1.551676512679108555e+02,3.735304539123952168e+02,3.081460692593692556e+02,2.131220307711054147e+02,1.246515142306743087e+02,1.561569723067144935e+02,7.249827584156743399e+01,2.707397274136176861e+02,3.385144014661710230e+02,9.798469268207152538e+01,2.358007633575430191e+02,4.775981574503821037e+01,2.241539649437413004e+02,1.422005625867914773e+02,2.687936011143122528e+02,4.401136216933077350e+01,3.034880557781475545e+02,1.402462120700591299e+02,5.742821606144492108e+01,2.265502151841838270e+02,3.819332402397047304e+02,2.144061566280222166e+02,2.855240795449659004e+02,2.115325034125961565e+02,1.868154169226940553e+02,1.131724348063608687e+02,8.452810183601664562e+01,1.430873858870864979e+02,1.910026177831078940e+02,1.520427571441665293e+02,1.981236987338970437e+02,1.485563866011825098e+02,8.915716460273958432e+01,1.438401890988745890e+02,2.635298844533575675e+02,2.977599704459952932e+02,2.558202493939836586e+02,2.480322559668399265e+02,1.272006289292627628e+02,2.447243347115280301e+02,3.371468522765709963e+02,8.660831368869850166e+01,2.263846284534354254e+02,3.254120464887555499e+02,2.063031749634503456e+02,1.152779250333731511e+02,1.481418239390888516e+02,1.551934276958918133e+02,2.901189411258768587e+02,1.635175831523937404e+02,2.112557691519926379e+02,3.325327051584550304e+02,2.568443108188304791e+02,5.916924876994806226e+01,1.454991408909344841e+02,1.610124218810461798e+02,8.820430828479977947e+01
2.073306537876152902e+02,8.286132994346638725e+01,5.002889165272403034e+02,2.551626931978889559e+02,3.170504691685536613e+02,2.308679276123039159e+01,3.240246904172581708e+02,4.511363430272493815e+02,1.502065244921138571e+02,3.669468626381754461e+02,1.026498904042279037e+02,3.492849839314595783e+01,3.464462440264001657e+02,9.999900000000000000e+04,4.645696933722646804e+02,1.724180964980184569e+02,2.886693610343847922e+02,4.390558051090999925e+02,3.023243291566194912e+01,1.918801709400947857e+02,3.346072324382723195e+02,2.250088887133128424e+02,2.809270367906941033e+02,5.834655088349267089e+02,2.953116997343653907e+02,2.027436805426990247e+02,3.521150380202470274e+02,5.135221514209489442e+02,1.008464178838296732e+02,2.330257496501191383e+02,1.332066064427737047e+02,3.705671329192593362e+02,1.284133949399360688e+02,4.600391287705862169e+02,4.661351735280229036e+02,4.633141482838614706e+02,4.402044979324950305e+02,2.713705953120197591e+02,4.463272342127466459e+02,1.004987562112088995e+02,1.399892853042689183e+02,1.989095271725313694e+02,1.870026737776762502e+02,4.107456633976797207e+02,5.522680508593630577e+01,5.028916384272063311e+01,4.177870270843746425e+02,2.435015400361977242e+02,2.371708245126284567e+02,4.007754982530743746e+02,2.090574083834390251e+02,9.042676594902640375e+01,4.099097461637134643e+02,3.596345367174849343e+02,3.491503973934441660e+02,5.391567490071880684e+02,2.066301042926707794e+02,4.119283918352800242e+02,3.327942307192238331e+02,1.362350909274112212e+02,2.097474672075922797e+02,3.762352987161092983e+02,1.228006514640700146e+02,2.885619517538651735e+02,2.249555511651135191e+02,1.744964183013508148e+02,2.401270497049426638e+02,4.802343178074636398e+02,2.499059823213522122e+02,3.430014577228499206e+02,3.308005441349817488e+02,4.168896736547932278e+02,4.311403483785761637e+02,1.796051224213830722e+02,1.979747458642137019e+02,4.355157861662422079e+02,4.713650390090465976e+02,1.053233117595530217e+02,1.396280774056564837e+02,4.506317787284869496e+02,4.936243511011181795e+02,2.496497546563985850e+02,4.033422864020087104e+02,4.210700654285459876e+01,4.304253709994335395e+02,1.761391495380853769e+02,7.306161783043131663e+01,4.614065452504981408e+02,3.139490404508349570e+02,3.670435941410774490e+02,3.008155581082866661e+02,2.954894245146516027e+02,3.407242286659403590e+02,3.778280031972220172e+02,3.759960106171340612e+02,1.646936550083214286e+02,3.616434708383382599e+02,2.009601950635995991e+02,3.735505320569092760e+02,3.206009981269552895e+02
2.645694615786183022e+02,4.506939094329986801e+02,1.852187895436097449e+02,4.296614946676045861e+02,2.566281356359820620e+02,4.731447981326646754e+02,1.412834031300209006e+02,2.319762918920810648e+02,3.177876649588527016e+02,1.567322557739790909e+02,4.188961685191212041e+02,4.989639265518099478e+02,1.694992625352688549e+02,4.645696933722646804e+02,9.999900000000000000e+04,2.922071183253412983e+02,1.771806987230832533e+02,4.099573148511927911e+02,4.906332642616071098e+02,2.847542800380707035e+02,2.626804141918464666e+02,2.403039741660549282e+02,2.081465829649864929e+02,3.410938287333853509e+02,2.996865028659115069e+02,3.081330881291394235e+02,2.900000000000000000e+02,3.000599940011996978e+02,4.405462518283409281e+02,2.657066051117284360e+02,3.838033350558590655e+02,3.072930197710322204e+02,3.492921413373052246e+02,1.746424919657297892e+01,4.609772228646443892e+01,1.053043208990020503e+02,3.085854824841894697e+02,4.498722040757797345e+02,4.477722635447621968e+01,3.791108017453472598e+02,4.296626583728215678e+02,3.769615364994152742e+02,4.911873369703254184e+02,2.965889411289638815e+02,4.754418997101538480e+02,4.177319714841084419e+02,1.114136436887332025e+02,2.220360331117451835e+02,2.292444110551007554e+02,1.960867155112757700e+02,3.136654268484175532e+02,4.266450515358170605e+02,2.238057193192345551e+02,4.002449250146714803e+02,1.335402561027947002e+02,2.910755915565576970e+02,2.859597873827717081e+02,4.260751107492668552e+02,1.496963593411676925e+02,3.767240369288904276e+02,2.862044723619811180e+02,2.028299780604435227e+02,3.601180362047977042e+02,5.500445436507847035e+02,3.801578619468496640e+02,3.437586362551492130e+02,2.514358765172543997e+02,2.909467305195231006e+02,2.175178153623284345e+02,1.237941840313994675e+02,1.416756859873987082e+02,8.765842800324450934e+01,3.511409973215887703e+01,3.526825768307813860e+02,2.801660222082613814e+02,1.437810835958611051e+02,6.000000000000000000e+01,3.637938976948349250e+02,3.704011339075516389e+02,1.357129323240788210e+02,3.704726710568540966e+02,2.150581316760656705e+02,1.602622850205250131e+02,4.673863498220717361e+02,1.632942130021759226e+02,3.839010289124008182e+02,4.637035691042285066e+02,5.913543776789007467e+01,2.839242856819402050e+02,3.063070355052263380e+02,1.742440816785465358e+02,4.596096169576959483e+02,1.422392350935563741e+02,3.709514793069303664e+02,4.995558026887486562e+02,3.269204796276917477e+02,1.183089176689568092e+02,2.801428207182900678e+02,1.082266141020775052e+02,1.452790418470606539e+02
5.420332093147060704e+01,1.728872464931985746e+02,3.442455518957361846e+02,2.397415274832460170e+02,1.901183841715471772e+02,1.822004390774072817e+02,1.522103807235235706e+02,3.099741924741477419e+02,3.860051813123756403e+01,2.066349438018652336e+02,1.482733961302566286e+02,2.069685966517625957e+02,1.872778684201633155e+02,1.724180964980184569e+02,2.922071183253412983e+02,9.999900000000000000e+04,1.165589979366672537e+02,3.616434708383382599e+02,1.991230775173987695e+02,5.700877125495689768e+01,2.106608648990124948e+02,5.481788029466298440e+01,1.260158720161869184e+02,4.522830971858223279e+02,1.911256131448634505e+02,1.000449898795536825e+02,2.393846277437212677e+02,3.832088203577782792e+02,1.694520581167428475e+02,9.677293009927930711e+01,1.216552506059643974e+02,2.633476789341420954e+02,7.500666637039670093e+01,2.880624932197873136e+02,2.945674795356744653e+02,2.991521352088265076e+02,3.238826948140329591e+02,2.632299375071156078e+02,2.745906043549196056e+02,9.484724561103500662e+01,1.771016657177453055e+02,1.617559890699568541e+02,2.446752950340512029e+02,2.942787793912432335e+02,1.892564397847534394e+02,1.269054766351712686e+02,2.543422890515849701e+02,7.158910531638176167e+01,6.830812543175225926e+01,2.525173261382275882e+02,1.202039932780937193e+02,1.512382226819662208e+02,2.693287953413076821e+02,2.972423253845252589e+02,1.803607496103295773e+02,4.023555641469370698e+02,7.924645102463580315e+01,3.482944156887962777e+02,1.649242250247064305e+02,1.209297316626477965e+02,8.434453153583817198e+01,2.298368986912240644e+02,8.280096617793780922e+01,3.350761107569442743e+02,1.839266158009764638e+02,1.156935607542615116e+02,9.962429422585637440e+01,3.523535156628921641e+02,7.937883848986453472e+01,1.708391055935379086e+02,1.618301578816507345e+02,2.495696295625731693e+02,2.590019304947359160e+02,1.234908903522846941e+02,5.508175741568164341e+01,2.750890764825095971e+02,3.005079033902436549e+02,7.692203845452874589e+01,1.159655121145937926e+02,2.917344683097970801e+02,3.890822535146006658e+02,7.723341245859850801e+01,2.498739682319869075e+02,1.775528090456470238e+02,2.738795355626265291e+02,1.512382226819662208e+02,1.796719232378837887e+02,2.919726014543145425e+02,2.006090725764914282e+02,2.598326384425174638e+02,1.347367804276174752e+02,2.846225570821820838e+02,1.748742405273000884e+02,2.974054471592610298e+02,3.587157649170161449e+02,8.296987405076616540e+01,1.916715941395594598e+02,6.113100686231170044e+01,2.052218311973655602e+02,1.483543056335069821e+02
